% Model:              C52_3D_base_unit_cell_recesses(cone)_v2.mph
% Version:            COMSOL 5.2.0.220
% Date:               Jul 13 2026, 09:03
% Table:              Table 2 - Global Evaluation 2 (n_CO2_film)
% H_cone (m)             R_texture (m)            t (s)                    Total moles of CO2 captured per unit cell (mol)
5.0E-6                   2.0E-5                   0                        0
5.0E-6                   2.0E-5                   0.1                      0
5.0E-6                   2.0E-5                   0.2                      0
5.0E-6                   2.0E-5                   0.30000000000000004      0
5.0E-6                   2.0E-5                   0.4                      0
5.0E-6                   2.0E-5                   0.5                      0
5.0E-6                   2.0E-5                   0.6000000000000001       0
5.0E-6                   2.0E-5                   0.7000000000000001       0
5.0E-6                   2.0E-5                   0.8                      0
5.0E-6                   2.0E-5                   0.9                      0
5.0E-6                   2.0E-5                   1                        1.0607535034964118E-6
5.0E-6                   2.0E-5                   1.1                      1.9670092726491404E-6
5.0E-6                   2.0E-5                   1.2000000000000002       1.980584671619824E-6
5.0E-6                   2.0E-5                   1.3                      1.9941087493410163E-6
5.0E-6                   2.0E-5                   1.4000000000000001       2.0075919398015855E-6
5.0E-6                   2.0E-5                   1.5                      2.02100876526663E-6
5.0E-6                   2.0E-5                   1.6                      2.0343876178407287E-6
5.0E-6                   2.0E-5                   1.7000000000000002       2.047731864996784E-6
5.0E-6                   2.0E-5                   1.8                      2.061022214869286E-6
5.0E-6                   2.0E-5                   1.9000000000000001       2.074222526357169E-6
5.0E-6                   2.0E-5                   2                        2.087391643671132E-6
5.0E-6                   2.0E-5                   5                        2.4638247694801203E-6
5.0E-6                   2.0E-5                   10                       3.0263476255710603E-6
5.0E-6                   2.0E-5                   100                      8.623874825310838E-6
5.0E-6                   2.0E-5                   100                      8.623874825310838E-6
5.0E-6                   2.0E-5                   200                      1.2244148203419106E-5
5.0E-6                   2.0E-5                   300                      1.5020526601601809E-5
5.0E-6                   2.0E-5                   400                      1.735412851039726E-5
5.0E-6                   2.0E-5                   500                      1.9406356419490442E-5
5.0E-6                   2.0E-5                   600                      2.1258057381611194E-5
5.0E-6                   2.0E-5                   700                      2.2972850332538984E-5
5.0E-6                   2.0E-5                   800                      2.4567658416520934E-5
5.0E-6                   2.0E-5                   900                      2.606070801229143E-5
5.0E-6                   2.0E-5                   1000                     2.7469837612620747E-5
5.0E-6                   2.0E-5                   2000                     3.883191760156352E-5
5.0E-6                   2.0E-5                   3000                     4.755769911157919E-5
5.0E-6                   2.0E-5                   4000                     5.4915250561377675E-5
5.0E-6                   2.0E-5                   5000                     6.139694993235716E-5
5.0E-6                   2.0E-5                   6000                     6.725159439277356E-5
5.0E-6                   2.0E-5                   7000                     7.26419364077158E-5
5.0E-6                   2.0E-5                   8000                     7.765993386980304E-5
5.0E-6                   2.0E-5                   9000                     8.236974366810817E-5
5.0E-6                   2.0E-5                   10000                    8.681704006225934E-5
5.0E-6                   2.0E-5                   20000                    1.2162555046614775E-4
5.0E-6                   2.0E-5                   30000                    1.4410739100742298E-4
5.0E-6                   2.0E-5                   40000                    1.5813194545106254E-4
5.0E-6                   2.0E-5                   50000                    1.664314291552243E-4
5.0E-6                   2.0E-5                   60000                    1.7110604771327194E-4
5.0E-6                   2.0E-5                   70000                    1.7357854269479378E-4
5.0E-6                   2.0E-5                   80000                    1.7482236785141647E-4
5.0E-6                   2.0E-5                   90000                    1.7554714996801914E-4
5.0E-6                   2.0E-5                   100000                   1.760918614865216E-4
5.0E-6                   2.0E-5                   110000                   1.766475195850859E-4
5.0E-6                   2.0E-5                   120000                   1.7681927915705488E-4
5.0E-6                   2.0E-5                   130000                   1.7684719936901457E-4
5.0E-6                   2.0E-5                   140000                   1.768521396089127E-4
5.0E-6                   2.0E-5                   150000                   1.7681154907798295E-4
5.0E-6                   2.0E-5                   160000                   1.7677557014736102E-4
5.0E-6                   2.0E-5                   170000                   1.7675028132718495E-4
5.0E-6                   2.0E-5                   180000                   1.7673391199336068E-4
5.0E-6                   2.0E-5                   190000                   1.767223978599814E-4
5.0E-6                   2.0E-5                   200000                   1.767149339778489E-4
5.0E-6                   5.0E-5                   0                        0
5.0E-6                   5.0E-5                   0.1                      0
5.0E-6                   5.0E-5                   0.2                      0
5.0E-6                   5.0E-5                   0.30000000000000004      0
5.0E-6                   5.0E-5                   0.4                      0
5.0E-6                   5.0E-5                   0.5                      0
5.0E-6                   5.0E-5                   0.6000000000000001       0
5.0E-6                   5.0E-5                   0.7000000000000001       0
5.0E-6                   5.0E-5                   0.8                      0
5.0E-6                   5.0E-5                   0.9                      0
5.0E-6                   5.0E-5                   1                        1.0918727751131444E-6
5.0E-6                   5.0E-5                   1.1                      2.0240505563851345E-6
5.0E-6                   5.0E-5                   1.2000000000000002       2.0372459650104845E-6
5.0E-6                   5.0E-5                   1.3                      2.05039411214759E-6
5.0E-6                   5.0E-5                   1.4000000000000001       2.0635044082711676E-6
5.0E-6                   5.0E-5                   1.5                      2.0765538057164092E-6
5.0E-6                   5.0E-5                   1.6                      2.0895679951944753E-6
5.0E-6                   5.0E-5                   1.7000000000000002       2.1025499680915213E-6
5.0E-6                   5.0E-5                   1.8                      2.1154819608660426E-6
5.0E-6                   5.0E-5                   1.9000000000000001       2.128331793914239E-6
5.0E-6                   5.0E-5                   2                        2.141152458944984E-6
5.0E-6                   5.0E-5                   5                        2.508258603667451E-6
5.0E-6                   5.0E-5                   10                       3.0602640531141026E-6
5.0E-6                   5.0E-5                   100                      8.622868012102684E-6
5.0E-6                   5.0E-5                   100                      8.622868012102684E-6
5.0E-6                   5.0E-5                   200                      1.2244508655144575E-5
5.0E-6                   5.0E-5                   300                      1.5022146253581871E-5
5.0E-6                   5.0E-5                   400                      1.7355568360183867E-5
5.0E-6                   5.0E-5                   500                      1.9405877913009818E-5
5.0E-6                   5.0E-5                   600                      2.1269400543680657E-5
5.0E-6                   5.0E-5                   700                      2.2983132150495228E-5
5.0E-6                   5.0E-5                   800                      2.4572930204495802E-5
5.0E-6                   5.0E-5                   900                      2.6062818741220466E-5
5.0E-6                   5.0E-5                   1000                     2.746968810527343E-5
5.0E-6                   5.0E-5                   2000                     3.883997227406731E-5
5.0E-6                   5.0E-5                   3000                     4.7566388474535334E-5
5.0E-6                   5.0E-5                   4000                     5.4928820316999997E-5
5.0E-6                   5.0E-5                   5000                     6.140730106166067E-5
5.0E-6                   5.0E-5                   6000                     6.727027059564187E-5
5.0E-6                   5.0E-5                   7000                     7.266420760280476E-5
5.0E-6                   5.0E-5                   8000                     7.768264073386314E-5
5.0E-6                   5.0E-5                   9000                     8.238855027350874E-5
5.0E-6                   5.0E-5                   10000                    8.683121851237617E-5
5.0E-6                   5.0E-5                   20000                    1.2161190544269432E-4
5.0E-6                   5.0E-5                   30000                    1.4390897694269912E-4
5.0E-6                   5.0E-5                   40000                    1.576211186471009E-4
5.0E-6                   5.0E-5                   50000                    1.65593054717261E-4
5.0E-6                   5.0E-5                   60000                    1.700475110350762E-4
5.0E-6                   5.0E-5                   70000                    1.7245584018962763E-4
5.0E-6                   5.0E-5                   80000                    1.7371368321766328E-4
5.0E-6                   5.0E-5                   90000                    1.744404946784606E-4
5.0E-6                   5.0E-5                   100000                   1.7491181510892806E-4
5.0E-6                   5.0E-5                   110000                   1.7520566733625952E-4
5.0E-6                   5.0E-5                   120000                   1.754257914398669E-4
5.0E-6                   5.0E-5                   130000                   1.7557048819494918E-4
5.0E-6                   5.0E-5                   140000                   1.7565985923806128E-4
5.0E-6                   5.0E-5                   150000                   1.757074819166512E-4
5.0E-6                   5.0E-5                   160000                   1.7573369786597485E-4
5.0E-6                   5.0E-5                   170000                   1.7574103802477225E-4
5.0E-6                   5.0E-5                   180000                   1.7574391356632937E-4
5.0E-6                   5.0E-5                   190000                   1.7574076089044353E-4
5.0E-6                   5.0E-5                   200000                   1.7573804790273247E-4
5.0E-6                   8.0E-5                   0                        0
5.0E-6                   8.0E-5                   0.1                      0
5.0E-6                   8.0E-5                   0.2                      0
5.0E-6                   8.0E-5                   0.30000000000000004      0
5.0E-6                   8.0E-5                   0.4                      0
5.0E-6                   8.0E-5                   0.5                      0
5.0E-6                   8.0E-5                   0.6000000000000001       0
5.0E-6                   8.0E-5                   0.7000000000000001       0
5.0E-6                   8.0E-5                   0.8                      0
5.0E-6                   8.0E-5                   0.9                      0
5.0E-6                   8.0E-5                   1                        1.0868646421915588E-6
5.0E-6                   8.0E-5                   1.1                      2.0146110219412554E-6
5.0E-6                   8.0E-5                   1.2000000000000002       2.027790313626606E-6
5.0E-6                   8.0E-5                   1.3                      2.040921723118608E-6
5.0E-6                   8.0E-5                   1.4000000000000001       2.0540149873427036E-6
5.0E-6                   8.0E-5                   1.5                      2.0670463527626057E-6
5.0E-6                   8.0E-5                   1.6                      2.080042355476849E-6
5.0E-6                   8.0E-5                   1.7000000000000002       2.093006036040286E-6
5.0E-6                   8.0E-5                   1.8                      2.10591907769807E-6
5.0E-6                   8.0E-5                   1.9000000000000001       2.1187486886744404E-6
5.0E-6                   8.0E-5                   2                        2.131549149488281E-6
5.0E-6                   8.0E-5                   5                        2.498147641813528E-6
5.0E-6                   8.0E-5                   10                       3.0487796484181863E-6
5.0E-6                   8.0E-5                   100                      8.622412626413279E-6
5.0E-6                   8.0E-5                   100                      8.622412626413279E-6
5.0E-6                   8.0E-5                   200                      1.2247079056115781E-5
5.0E-6                   8.0E-5                   300                      1.5024675065292305E-5
5.0E-6                   8.0E-5                   400                      1.735706950415552E-5
5.0E-6                   8.0E-5                   500                      1.9407038633540278E-5
5.0E-6                   8.0E-5                   600                      2.1268941138286617E-5
5.0E-6                   8.0E-5                   700                      2.2982937280011465E-5
5.0E-6                   8.0E-5                   800                      2.4573158210089886E-5
5.0E-6                   8.0E-5                   900                      2.6063387468755066E-5
5.0E-6                   8.0E-5                   1000                     2.74708990479819E-5
5.0E-6                   8.0E-5                   2000                     3.884135379693579E-5
5.0E-6                   8.0E-5                   3000                     4.756886252304582E-5
5.0E-6                   8.0E-5                   4000                     5.4932076049585305E-5
5.0E-6                   8.0E-5                   5000                     6.141183335506873E-5
5.0E-6                   8.0E-5                   6000                     6.72750965877063E-5
5.0E-6                   8.0E-5                   7000                     7.266958366802059E-5
5.0E-6                   8.0E-5                   8000                     7.768858648016397E-5
5.0E-6                   8.0E-5                   9000                     8.239541275314933E-5
5.0E-6                   8.0E-5                   10000                    8.68373095648578E-5
5.0E-6                   8.0E-5                   20000                    1.2150066215590511E-4
5.0E-6                   8.0E-5                   30000                    1.434903764330388E-4
5.0E-6                   8.0E-5                   40000                    1.5683769520229658E-4
5.0E-6                   8.0E-5                   50000                    1.644861754911318E-4
5.0E-6                   8.0E-5                   60000                    1.6870073245419244E-4
5.0E-6                   8.0E-5                   70000                    1.7092886257577382E-4
5.0E-6                   8.0E-5                   80000                    1.7205295535458427E-4
5.0E-6                   8.0E-5                   90000                    1.7272066231601037E-4
5.0E-6                   8.0E-5                   100000                   1.731640402689555E-4
5.0E-6                   8.0E-5                   110000                   1.734824232369194E-4
5.0E-6                   8.0E-5                   120000                   1.7362337413821105E-4
5.0E-6                   8.0E-5                   130000                   1.7372612047971298E-4
5.0E-6                   8.0E-5                   140000                   1.7378737840937722E-4
5.0E-6                   8.0E-5                   150000                   1.738332798219128E-4
5.0E-6                   8.0E-5                   160000                   1.7386076396968953E-4
5.0E-6                   8.0E-5                   170000                   1.738814302364881E-4
5.0E-6                   8.0E-5                   180000                   1.7389375038738257E-4
5.0E-6                   8.0E-5                   190000                   1.7390298072576728E-4
5.0E-6                   8.0E-5                   200000                   1.7390850160633033E-4
1.25E-5                  2.0E-5                   0                        0
1.25E-5                  2.0E-5                   0.1                      0
1.25E-5                  2.0E-5                   0.2                      0
1.25E-5                  2.0E-5                   0.30000000000000004      0
1.25E-5                  2.0E-5                   0.4                      0
1.25E-5                  2.0E-5                   0.5                      0
1.25E-5                  2.0E-5                   0.6000000000000001       0
1.25E-5                  2.0E-5                   0.7000000000000001       0
1.25E-5                  2.0E-5                   0.8                      0
1.25E-5                  2.0E-5                   0.9                      0
1.25E-5                  2.0E-5                   1                        1.0705450984084375E-6
1.25E-5                  2.0E-5                   1.1                      1.985104773388258E-6
1.25E-5                  2.0E-5                   1.2000000000000002       1.9985858865248767E-6
1.25E-5                  2.0E-5                   1.3                      2.0120165588822578E-6
1.25E-5                  2.0E-5                   1.4000000000000001       2.0254071171530864E-6
1.25E-5                  2.0E-5                   1.5                      2.0387323776219137E-6
1.25E-5                  2.0E-5                   1.6                      2.05202047862806E-6
1.25E-5                  2.0E-5                   1.7000000000000002       2.0652746917596184E-6
1.25E-5                  2.0E-5                   1.8                      2.07847577059956E-6
1.25E-5                  2.0E-5                   1.9000000000000001       2.09158863966516E-6
1.25E-5                  2.0E-5                   2                        2.1046710155420883E-6
1.25E-5                  2.0E-5                   5                        2.480060751054799E-6
1.25E-5                  2.0E-5                   10                       3.0407308211692417E-6
1.25E-5                  2.0E-5                   100                      8.661009555253634E-6
1.25E-5                  2.0E-5                   100                      8.661009555253634E-6
1.25E-5                  2.0E-5                   200                      1.2302781822072435E-5
1.25E-5                  2.0E-5                   300                      1.5098040262755239E-5
1.25E-5                  2.0E-5                   400                      1.7435754903479115E-5
1.25E-5                  2.0E-5                   500                      1.949234565836755E-5
1.25E-5                  2.0E-5                   600                      2.1355958035813124E-5
1.25E-5                  2.0E-5                   700                      2.3069508402874123E-5
1.25E-5                  2.0E-5                   800                      2.46631785967585E-5
1.25E-5                  2.0E-5                   900                      2.615802369159814E-5
1.25E-5                  2.0E-5                   1000                     2.7571179137874697E-5
1.25E-5                  2.0E-5                   2000                     3.898270017999608E-5
1.25E-5                  2.0E-5                   3000                     4.773976863804009E-5
1.25E-5                  2.0E-5                   4000                     5.5109445172833964E-5
1.25E-5                  2.0E-5                   5000                     6.160373577387337E-5
1.25E-5                  2.0E-5                   6000                     6.747781765885988E-5
1.25E-5                  2.0E-5                   7000                     7.287706273735672E-5
1.25E-5                  2.0E-5                   8000                     7.79007154039612E-5
1.25E-5                  2.0E-5                   9000                     8.260896171840557E-5
1.25E-5                  2.0E-5                   10000                    8.705551972295562E-5
1.25E-5                  2.0E-5                   20000                    1.2187816850206445E-4
1.25E-5                  2.0E-5                   30000                    1.4425590018336674E-4
1.25E-5                  2.0E-5                   40000                    1.5825586953567718E-4
1.25E-5                  2.0E-5                   50000                    1.6664058276582113E-4
1.25E-5                  2.0E-5                   60000                    1.713701544448693E-4
1.25E-5                  2.0E-5                   70000                    1.7390208721376418E-4
1.25E-5                  2.0E-5                   80000                    1.7509969813819364E-4
1.25E-5                  2.0E-5                   90000                    1.7565990842683218E-4
1.25E-5                  2.0E-5                   100000                   1.759196249469455E-4
1.25E-5                  2.0E-5                   110000                   1.759779350959769E-4
1.25E-5                  2.0E-5                   120000                   1.7604933103419396E-4
1.25E-5                  2.0E-5                   130000                   1.7615669617384046E-4
1.25E-5                  2.0E-5                   140000                   1.762450638256167E-4
1.25E-5                  2.0E-5                   150000                   1.7630030728804064E-4
1.25E-5                  2.0E-5                   160000                   1.763416963734692E-4
1.25E-5                  2.0E-5                   170000                   1.763675671541049E-4
1.25E-5                  2.0E-5                   180000                   1.76386578770545E-4
1.25E-5                  2.0E-5                   190000                   1.7639790432958012E-4
1.25E-5                  2.0E-5                   200000                   1.7640620266978166E-4
1.25E-5                  5.0E-5                   0                        0
1.25E-5                  5.0E-5                   0.1                      0
1.25E-5                  5.0E-5                   0.2                      0
1.25E-5                  5.0E-5                   0.30000000000000004      0
1.25E-5                  5.0E-5                   0.4                      0
1.25E-5                  5.0E-5                   0.5                      0
1.25E-5                  5.0E-5                   0.6000000000000001       0
1.25E-5                  5.0E-5                   0.7000000000000001       0
1.25E-5                  5.0E-5                   0.8                      0
1.25E-5                  5.0E-5                   0.9                      0
1.25E-5                  5.0E-5                   1                        1.099072310560313E-6
1.25E-5                  5.0E-5                   1.1                      2.0336620179089526E-6
1.25E-5                  5.0E-5                   1.2000000000000002       2.046826324517798E-6
1.25E-5                  5.0E-5                   1.3                      2.059944464857994E-6
1.25E-5                  5.0E-5                   1.4000000000000001       2.073018364823979E-6
1.25E-5                  5.0E-5                   1.5                      2.0860473843951E-6
1.25E-5                  5.0E-5                   1.6                      2.0990181595835113E-6
1.25E-5                  5.0E-5                   1.7000000000000002       2.1119570063255126E-6
1.25E-5                  5.0E-5                   1.8                      2.1248639940061853E-6
1.25E-5                  5.0E-5                   1.9000000000000001       2.1377307611236308E-6
1.25E-5                  5.0E-5                   2                        2.150491271918587E-6
1.25E-5                  5.0E-5                   5                        2.5176076232536902E-6
1.25E-5                  5.0E-5                   10                       3.068093573267478E-6
1.25E-5                  5.0E-5                   100                      8.659708347957397E-6
1.25E-5                  5.0E-5                   100                      8.659708347957397E-6
1.25E-5                  5.0E-5                   200                      1.2302521003041425E-5
1.25E-5                  5.0E-5                   300                      1.5102428537643106E-5
1.25E-5                  5.0E-5                   400                      1.7446914518136433E-5
1.25E-5                  5.0E-5                   500                      1.9504093457596024E-5
1.25E-5                  5.0E-5                   600                      2.1366552567929545E-5
1.25E-5                  5.0E-5                   700                      2.308121274469645E-5
1.25E-5                  5.0E-5                   800                      2.4676947883443976E-5
1.25E-5                  5.0E-5                   900                      2.617444229178545E-5
1.25E-5                  5.0E-5                   1000                     2.7589835704847297E-5
1.25E-5                  5.0E-5                   2000                     3.903685826903617E-5
1.25E-5                  5.0E-5                   3000                     4.779775119988011E-5
1.25E-5                  5.0E-5                   4000                     5.51690589023732E-5
1.25E-5                  5.0E-5                   5000                     6.16772476360445E-5
1.25E-5                  5.0E-5                   6000                     6.756123920252077E-5
1.25E-5                  5.0E-5                   7000                     7.296455777959724E-5
1.25E-5                  5.0E-5                   8000                     7.798969700770653E-5
1.25E-5                  5.0E-5                   9000                     8.270498433220441E-5
1.25E-5                  5.0E-5                   10000                    8.714804221815677E-5
1.25E-5                  5.0E-5                   20000                    1.2188254241223558E-4
1.25E-5                  5.0E-5                   30000                    1.4384778143499221E-4
1.25E-5                  5.0E-5                   40000                    1.5726630554832772E-4
1.25E-5                  5.0E-5                   50000                    1.650109538677894E-4
1.25E-5                  5.0E-5                   60000                    1.6925624541809666E-4
1.25E-5                  5.0E-5                   70000                    1.7139053597305391E-4
1.25E-5                  5.0E-5                   80000                    1.7239587074133455E-4
1.25E-5                  5.0E-5                   90000                    1.7288311149559374E-4
1.25E-5                  5.0E-5                   100000                   1.7326939072322337E-4
1.25E-5                  5.0E-5                   110000                   1.7374007157068498E-4
1.25E-5                  5.0E-5                   120000                   1.7408793930012936E-4
1.25E-5                  5.0E-5                   130000                   1.7429738200432844E-4
1.25E-5                  5.0E-5                   140000                   1.7428666104568272E-4
1.25E-5                  5.0E-5                   150000                   1.7422035007394156E-4
1.25E-5                  5.0E-5                   160000                   1.7416366629373134E-4
1.25E-5                  5.0E-5                   170000                   1.741095106412128E-4
1.25E-5                  5.0E-5                   180000                   1.740692533048574E-4
1.25E-5                  5.0E-5                   190000                   1.7404321247007607E-4
1.25E-5                  5.0E-5                   200000                   1.7402486427699491E-4
1.25E-5                  8.0E-5                   0                        0
1.25E-5                  8.0E-5                   0.1                      0
1.25E-5                  8.0E-5                   0.2                      0
1.25E-5                  8.0E-5                   0.30000000000000004      0
1.25E-5                  8.0E-5                   0.4                      0
1.25E-5                  8.0E-5                   0.5                      0
1.25E-5                  8.0E-5                   0.6000000000000001       0
1.25E-5                  8.0E-5                   0.7000000000000001       0
1.25E-5                  8.0E-5                   0.8                      0
1.25E-5                  8.0E-5                   0.9                      0
1.25E-5                  8.0E-5                   1                        1.09793347609501E-6
1.25E-5                  8.0E-5                   1.1                      2.034565369662523E-6
1.25E-5                  8.0E-5                   1.2000000000000002       2.047505269325033E-6
1.25E-5                  8.0E-5                   1.3                      2.060401555029293E-6
1.25E-5                  8.0E-5                   1.4000000000000001       2.0732629047598777E-6
1.25E-5                  8.0E-5                   1.5                      2.0860680813402425E-6
1.25E-5                  8.0E-5                   1.6                      2.0988407858105963E-6
1.25E-5                  8.0E-5                   1.7000000000000002       2.111583682317508E-6
1.25E-5                  8.0E-5                   1.8                      2.1242802057823605E-6
1.25E-5                  8.0E-5                   1.9000000000000001       2.136901572328698E-6
1.25E-5                  8.0E-5                   2                        2.1494958823200387E-6
1.25E-5                  8.0E-5                   5                        2.5111224425738206E-6
1.25E-5                  8.0E-5                   10                       3.058134677118087E-6
1.25E-5                  8.0E-5                   100                      8.663085603482875E-6
1.25E-5                  8.0E-5                   100                      8.663085603482875E-6
1.25E-5                  8.0E-5                   200                      1.2310124606788222E-5
1.25E-5                  8.0E-5                   300                      1.5101675426646958E-5
1.25E-5                  8.0E-5                   400                      1.7444913066432206E-5
1.25E-5                  8.0E-5                   500                      1.9504131082490984E-5
1.25E-5                  8.0E-5                   600                      2.1375340868400158E-5
1.25E-5                  8.0E-5                   700                      2.309750402248739E-5
1.25E-5                  8.0E-5                   800                      2.4695268841987277E-5
1.25E-5                  8.0E-5                   900                      2.6192576707228972E-5
1.25E-5                  8.0E-5                   1000                     2.760662873134687E-5
1.25E-5                  8.0E-5                   2000                     3.9030359614722025E-5
1.25E-5                  8.0E-5                   3000                     4.779678424645207E-5
1.25E-5                  8.0E-5                   4000                     5.519188314650783E-5
1.25E-5                  8.0E-5                   5000                     6.169865030627159E-5
1.25E-5                  8.0E-5                   6000                     6.758563054664422E-5
1.25E-5                  8.0E-5                   7000                     7.300037859199062E-5
1.25E-5                  8.0E-5                   8000                     7.803593576226072E-5
1.25E-5                  8.0E-5                   9000                     8.275447145310347E-5
1.25E-5                  8.0E-5                   10000                    8.72029463733843E-5
1.25E-5                  8.0E-5                   20000                    1.215129103930978E-4
1.25E-5                  8.0E-5                   30000                    1.426338239350733E-4
1.25E-5                  8.0E-5                   40000                    1.5505120290624074E-4
1.25E-5                  8.0E-5                   50000                    1.6195718861277712E-4
1.25E-5                  8.0E-5                   60000                    1.6551071796820662E-4
1.25E-5                  8.0E-5                   70000                    1.6726927168262963E-4
1.25E-5                  8.0E-5                   80000                    1.6826738675708872E-4
1.25E-5                  8.0E-5                   90000                    1.6891570216643232E-4
1.25E-5                  8.0E-5                   100000                   1.695269895309934E-4
1.25E-5                  8.0E-5                   110000                   1.6993371808333334E-4
1.25E-5                  8.0E-5                   120000                   1.700227978719222E-4
1.25E-5                  8.0E-5                   130000                   1.6987419176490935E-4
1.25E-5                  8.0E-5                   140000                   1.6979600639245785E-4
1.25E-5                  8.0E-5                   150000                   1.6968624593919647E-4
1.25E-5                  8.0E-5                   160000                   1.696240543943181E-4
1.25E-5                  8.0E-5                   170000                   1.6956679725243845E-4
1.25E-5                  8.0E-5                   180000                   1.6953935154559232E-4
1.25E-5                  8.0E-5                   190000                   1.6951414442648645E-4
1.25E-5                  8.0E-5                   200000                   1.6950243058553267E-4
2.0E-5                   2.0E-5                   0                        0
2.0E-5                   2.0E-5                   0.1                      0
2.0E-5                   2.0E-5                   0.2                      0
2.0E-5                   2.0E-5                   0.30000000000000004      0
2.0E-5                   2.0E-5                   0.4                      0
2.0E-5                   2.0E-5                   0.5                      0
2.0E-5                   2.0E-5                   0.6000000000000001       0
2.0E-5                   2.0E-5                   0.7000000000000001       0
2.0E-5                   2.0E-5                   0.8                      0
2.0E-5                   2.0E-5                   0.9                      0
2.0E-5                   2.0E-5                   1                        1.084004726046766E-6
2.0E-5                   2.0E-5                   1.1                      2.0101919771718963E-6
2.0E-5                   2.0E-5                   1.2000000000000002       2.0238232389422227E-6
2.0E-5                   2.0E-5                   1.3                      2.0374004010740275E-6
2.0E-5                   2.0E-5                   1.4000000000000001       2.0509350014678565E-6
2.0E-5                   2.0E-5                   1.5                      2.064399254907436E-6
2.0E-5                   2.0E-5                   1.6                      2.077824478520923E-6
2.0E-5                   2.0E-5                   1.7000000000000002       2.091214192220278E-6
2.0E-5                   2.0E-5                   1.8                      2.104558988038402E-6
2.0E-5                   2.0E-5                   1.9000000000000001       2.11784262149464E-6
2.0E-5                   2.0E-5                   2                        2.1310929472219575E-6
2.0E-5                   2.0E-5                   5                        2.5093419367906586E-6
2.0E-5                   2.0E-5                   10                       3.0733920832594918E-6
2.0E-5                   2.0E-5                   100                      8.726966287577159E-6
2.0E-5                   2.0E-5                   100                      8.726966287577159E-6
2.0E-5                   2.0E-5                   200                      1.2396370373646167E-5
2.0E-5                   2.0E-5                   300                      1.5208808351566857E-5
2.0E-5                   2.0E-5                   400                      1.7563842771620643E-5
2.0E-5                   2.0E-5                   500                      1.9637770270113814E-5
2.0E-5                   2.0E-5                   600                      2.1514549136591252E-5
2.0E-5                   2.0E-5                   700                      2.3239822539832865E-5
2.0E-5                   2.0E-5                   800                      2.4843937479997605E-5
2.0E-5                   2.0E-5                   900                      2.634893404366985E-5
2.0E-5                   2.0E-5                   1000                     2.777171072327803E-5
2.0E-5                   2.0E-5                   2000                     3.9258766200439096E-5
2.0E-5                   2.0E-5                   3000                     4.806578766570437E-5
2.0E-5                   2.0E-5                   4000                     5.547230830717528E-5
2.0E-5                   2.0E-5                   5000                     6.200054825225967E-5
2.0E-5                   2.0E-5                   6000                     6.789954763158786E-5
2.0E-5                   2.0E-5                   7000                     7.33208706368624E-5
2.0E-5                   2.0E-5                   8000                     7.836041485514514E-5
2.0E-5                   2.0E-5                   9000                     8.308337155262008E-5
2.0E-5                   2.0E-5                   10000                    8.75469512564522E-5
2.0E-5                   2.0E-5                   20000                    1.2240399055374912E-4
2.0E-5                   2.0E-5                   30000                    1.4468188667332812E-4
2.0E-5                   2.0E-5                   40000                    1.5850271368682847E-4
2.0E-5                   2.0E-5                   50000                    1.6664305194221218E-4
2.0E-5                   2.0E-5                   60000                    1.7120199556352683E-4
2.0E-5                   2.0E-5                   70000                    1.736060049038551E-4
2.0E-5                   2.0E-5                   80000                    1.746681362099741E-4
2.0E-5                   2.0E-5                   90000                    1.7514474600815961E-4
2.0E-5                   2.0E-5                   100000                   1.7553308057937367E-4
2.0E-5                   2.0E-5                   110000                   1.7571589728988463E-4
2.0E-5                   2.0E-5                   120000                   1.758720111720444E-4
2.0E-5                   2.0E-5                   130000                   1.7595037473121345E-4
2.0E-5                   2.0E-5                   140000                   1.7602087908925472E-4
2.0E-5                   2.0E-5                   150000                   1.7605624581782197E-4
2.0E-5                   2.0E-5                   160000                   1.7608809361856353E-4
2.0E-5                   2.0E-5                   170000                   1.7610417634018625E-4
2.0E-5                   2.0E-5                   180000                   1.7611863794641302E-4
2.0E-5                   2.0E-5                   190000                   1.7612582998293696E-4
2.0E-5                   2.0E-5                   200000                   1.7613229717787737E-4
2.0E-5                   5.0E-5                   0                        0
2.0E-5                   5.0E-5                   0.1                      0
2.0E-5                   5.0E-5                   0.2                      0
2.0E-5                   5.0E-5                   0.30000000000000004      0
2.0E-5                   5.0E-5                   0.4                      0
2.0E-5                   5.0E-5                   0.5                      0
2.0E-5                   5.0E-5                   0.6000000000000001       0
2.0E-5                   5.0E-5                   0.7000000000000001       0
2.0E-5                   5.0E-5                   0.8                      0
2.0E-5                   5.0E-5                   0.9                      0
2.0E-5                   5.0E-5                   1                        1.0830756440059036E-6
2.0E-5                   5.0E-5                   1.1                      2.0044254754035964E-6
2.0E-5                   5.0E-5                   1.2000000000000002       2.0180459238876895E-6
2.0E-5                   5.0E-5                   1.3                      2.0316172589437123E-6
2.0E-5                   5.0E-5                   1.4000000000000001       2.045141702481458E-6
2.0E-5                   5.0E-5                   1.5                      2.0586180620828446E-6
2.0E-5                   5.0E-5                   1.6                      2.072032897378303E-6
2.0E-5                   5.0E-5                   1.7000000000000002       2.085413840706917E-6
2.0E-5                   5.0E-5                   1.8                      2.098760962649955E-6
2.0E-5                   5.0E-5                   1.9000000000000001       2.1120635597187893E-6
2.0E-5                   5.0E-5                   2                        2.1252549735961048E-6
2.0E-5                   5.0E-5                   5                        2.504280486234508E-6
2.0E-5                   5.0E-5                   10                       3.070577620025418E-6
2.0E-5                   5.0E-5                   100                      8.740670520332486E-6
2.0E-5                   5.0E-5                   100                      8.740670520332486E-6
2.0E-5                   5.0E-5                   200                      1.2413831695592558E-5
2.0E-5                   5.0E-5                   300                      1.5237100386841614E-5
2.0E-5                   5.0E-5                   400                      1.7601871287133885E-5
2.0E-5                   5.0E-5                   500                      1.967694411477924E-5
2.0E-5                   5.0E-5                   600                      2.1555458230384206E-5
2.0E-5                   5.0E-5                   700                      2.328461283580363E-5
2.0E-5                   5.0E-5                   800                      2.4893642271058752E-5
2.0E-5                   5.0E-5                   900                      2.6403470778378874E-5
2.0E-5                   5.0E-5                   1000                     2.783046219686121E-5
2.0E-5                   5.0E-5                   2000                     3.936947776806067E-5
2.0E-5                   5.0E-5                   3000                     4.819681364081125E-5
2.0E-5                   5.0E-5                   4000                     5.562174336396884E-5
2.0E-5                   5.0E-5                   5000                     6.217461113495034E-5
2.0E-5                   5.0E-5                   6000                     6.809677725891895E-5
2.0E-5                   5.0E-5                   7000                     7.353248481921564E-5
2.0E-5                   5.0E-5                   8000                     7.858472797203853E-5
2.0E-5                   5.0E-5                   9000                     8.332160263327561E-5
2.0E-5                   5.0E-5                   10000                    8.778086136190276E-5
2.0E-5                   5.0E-5                   20000                    1.2239465011788109E-4
2.0E-5                   5.0E-5                   30000                    1.4392327932682245E-4
2.0E-5                   5.0E-5                   40000                    1.568522445228278E-4
2.0E-5                   5.0E-5                   50000                    1.6416478262097446E-4
2.0E-5                   5.0E-5                   60000                    1.6808645366559897E-4
2.0E-5                   5.0E-5                   70000                    1.6998970293357536E-4
2.0E-5                   5.0E-5                   80000                    1.708436510712608E-4
2.0E-5                   5.0E-5                   90000                    1.7124161183295044E-4
2.0E-5                   5.0E-5                   100000                   1.7158685427575294E-4
2.0E-5                   5.0E-5                   110000                   1.7201858564547037E-4
2.0E-5                   5.0E-5                   120000                   1.721821414470079E-4
2.0E-5                   5.0E-5                   130000                   1.7225790408163417E-4
2.0E-5                   5.0E-5                   140000                   1.72294286401083E-4
2.0E-5                   5.0E-5                   150000                   1.7230115770210612E-4
2.0E-5                   5.0E-5                   160000                   1.7229525587017825E-4
2.0E-5                   5.0E-5                   170000                   1.7228310429372856E-4
2.0E-5                   5.0E-5                   180000                   1.722744480680227E-4
2.0E-5                   5.0E-5                   190000                   1.722675444207296E-4
2.0E-5                   5.0E-5                   200000                   1.7226275822302406E-4
2.0E-5                   8.0E-5                   0                        0
2.0E-5                   8.0E-5                   0.1                      0
2.0E-5                   8.0E-5                   0.2                      0
2.0E-5                   8.0E-5                   0.30000000000000004      0
2.0E-5                   8.0E-5                   0.4                      0
2.0E-5                   8.0E-5                   0.5                      0
2.0E-5                   8.0E-5                   0.6000000000000001       0
2.0E-5                   8.0E-5                   0.7000000000000001       0
2.0E-5                   8.0E-5                   0.8                      0
2.0E-5                   8.0E-5                   0.9                      0
2.0E-5                   8.0E-5                   1                        1.111377828431421E-6
2.0E-5                   8.0E-5                   1.1                      2.0593731289259494E-6
2.0E-5                   8.0E-5                   1.2000000000000002       2.0725104105566607E-6
2.0E-5                   8.0E-5                   1.3                      2.0856020812238185E-6
2.0E-5                   8.0E-5                   1.4000000000000001       2.098657360675145E-6
2.0E-5                   8.0E-5                   1.5                      2.1116537259510624E-6
2.0E-5                   8.0E-5                   1.6                      2.1246163315099714E-6
2.0E-5                   8.0E-5                   1.7000000000000002       2.137547973806555E-6
2.0E-5                   8.0E-5                   1.8                      2.1504311069767816E-6
2.0E-5                   8.0E-5                   1.9000000000000001       2.1632353414778613E-6
2.0E-5                   8.0E-5                   2                        2.176011535603018E-6
2.0E-5                   8.0E-5                   5                        2.5425831271420024E-6
2.0E-5                   8.0E-5                   10                       3.095191933527095E-6
2.0E-5                   8.0E-5                   100                      8.743782117758235E-6
2.0E-5                   8.0E-5                   100                      8.743782117758235E-6
2.0E-5                   8.0E-5                   200                      1.2422836632481791E-5
2.0E-5                   8.0E-5                   300                      1.5240288392273005E-5
2.0E-5                   8.0E-5                   400                      1.760550566702745E-5
2.0E-5                   8.0E-5                   500                      1.9684296402554722E-5
2.0E-5                   8.0E-5                   600                      2.157113918518646E-5
2.0E-5                   8.0E-5                   700                      2.330884128067791E-5
2.0E-5                   8.0E-5                   800                      2.4920965592544075E-5
2.0E-5                   8.0E-5                   900                      2.643155077368246E-5
2.0E-5                   8.0E-5                   1000                     2.7858389905697362E-5
2.0E-5                   8.0E-5                   2000                     3.937914103306876E-5
2.0E-5                   8.0E-5                   3000                     4.821886097420619E-5
2.0E-5                   8.0E-5                   4000                     5.567370324956416E-5
2.0E-5                   8.0E-5                   5000                     6.223512706782127E-5
2.0E-5                   8.0E-5                   6000                     6.816006864780127E-5
2.0E-5                   8.0E-5                   7000                     7.359685065361202E-5
2.0E-5                   8.0E-5                   8000                     7.865023417174158E-5
2.0E-5                   8.0E-5                   9000                     8.341418838329812E-5
2.0E-5                   8.0E-5                   10000                    8.789358884107553E-5
2.0E-5                   8.0E-5                   20000                    1.2165921169126884E-4
2.0E-5                   8.0E-5                   30000                    1.416682058236307E-4
2.0E-5                   8.0E-5                   40000                    1.5297249317263424E-4
2.0E-5                   8.0E-5                   50000                    1.589394167639102E-4
2.0E-5                   8.0E-5                   60000                    1.6189572832974938E-4
2.0E-5                   8.0E-5                   70000                    1.6329935805328756E-4
2.0E-5                   8.0E-5                   80000                    1.64151453609966E-4
2.0E-5                   8.0E-5                   90000                    1.6482403069573292E-4
2.0E-5                   8.0E-5                   100000                   1.6528284911974042E-4
2.0E-5                   8.0E-5                   110000                   1.6540819646477668E-4
2.0E-5                   8.0E-5                   120000                   1.6531245118819082E-4
2.0E-5                   8.0E-5                   130000                   1.6521712669868933E-4
2.0E-5                   8.0E-5                   140000                   1.651577417125465E-4
2.0E-5                   8.0E-5                   150000                   1.6510863311959632E-4
2.0E-5                   8.0E-5                   160000                   1.650835751255647E-4
2.0E-5                   8.0E-5                   170000                   1.6506285382995278E-4
2.0E-5                   8.0E-5                   180000                   1.65052272493603E-4
2.0E-5                   8.0E-5                   190000                   1.6504352386707073E-4
2.0E-5                   8.0E-5                   200000                   1.6503905873397235E-4
2.75E-5                  2.0E-5                   0                        0
2.75E-5                  2.0E-5                   0.1                      0
2.75E-5                  2.0E-5                   0.2                      0
2.75E-5                  2.0E-5                   0.30000000000000004      0
2.75E-5                  2.0E-5                   0.4                      0
2.75E-5                  2.0E-5                   0.5                      0
2.75E-5                  2.0E-5                   0.6000000000000001       0
2.75E-5                  2.0E-5                   0.7000000000000001       0
2.75E-5                  2.0E-5                   0.8                      0
2.75E-5                  2.0E-5                   0.9                      0
2.75E-5                  2.0E-5                   1                        1.0870080152416059E-6
2.75E-5                  2.0E-5                   1.1                      2.015554943889117E-6
2.75E-5                  2.0E-5                   1.2000000000000002       2.0295331348687703E-6
2.75E-5                  2.0E-5                   1.3                      2.043450116408329E-6
2.75E-5                  2.0E-5                   1.4000000000000001       2.0573197162607995E-6
2.75E-5                  2.0E-5                   1.5                      2.0711092319413103E-6
2.75E-5                  2.0E-5                   1.6                      2.0848559187797312E-6
2.75E-5                  2.0E-5                   1.7000000000000002       2.0985639776032164E-6
2.75E-5                  2.0E-5                   1.8                      2.1122223720830733E-6
2.75E-5                  2.0E-5                   1.9000000000000001       2.125811964554856E-6
2.75E-5                  2.0E-5                   2                        2.139365736714755E-6
2.75E-5                  2.0E-5                   5                        2.525633087006427E-6
2.75E-5                  2.0E-5                   10                       3.0977951424406775E-6
2.75E-5                  2.0E-5                   100                      8.80771454353575E-6
2.75E-5                  2.0E-5                   100                      8.80771454353575E-6
2.75E-5                  2.0E-5                   200                      1.2509101357806715E-5
2.75E-5                  2.0E-5                   300                      1.5340802962009134E-5
2.75E-5                  2.0E-5                   400                      1.7732991335678967E-5
2.75E-5                  2.0E-5                   500                      1.983452675807673E-5
2.75E-5                  2.0E-5                   600                      2.172564189702256E-5
2.75E-5                  2.0E-5                   700                      2.3460079714030243E-5
2.75E-5                  2.0E-5                   800                      2.5074447263133916E-5
2.75E-5                  2.0E-5                   900                      2.659283076042234E-5
2.75E-5                  2.0E-5                   1000                     2.803122906694755E-5
2.75E-5                  2.0E-5                   2000                     3.962375902516546E-5
2.75E-5                  2.0E-5                   3000                     4.850358519201293E-5
2.75E-5                  2.0E-5                   4000                     5.597549046202763E-5
2.75E-5                  2.0E-5                   5000                     6.255660328406798E-5
2.75E-5                  2.0E-5                   6000                     6.849546655448449E-5
2.75E-5                  2.0E-5                   7000                     7.394514830647589E-5
2.75E-5                  2.0E-5                   8000                     7.90149482062382E-5
2.75E-5                  2.0E-5                   9000                     8.37585911678118E-5
2.75E-5                  2.0E-5                   10000                    8.823558602773296E-5
2.75E-5                  2.0E-5                   20000                    1.2319126237323537E-4
2.75E-5                  2.0E-5                   30000                    1.4527941806900322E-4
2.75E-5                  2.0E-5                   40000                    1.586267355791374E-4
2.75E-5                  2.0E-5                   50000                    1.6634767278193334E-4
2.75E-5                  2.0E-5                   60000                    1.7056079784635587E-4
2.75E-5                  2.0E-5                   70000                    1.728123454457859E-4
2.75E-5                  2.0E-5                   80000                    1.7391397559401382E-4
2.75E-5                  2.0E-5                   90000                    1.7453731891788242E-4
2.75E-5                  2.0E-5                   100000                   1.749768530799632E-4
2.75E-5                  2.0E-5                   110000                   1.7521401272400615E-4
2.75E-5                  2.0E-5                   120000                   1.7546001314492032E-4
2.75E-5                  2.0E-5                   130000                   1.7562521563564977E-4
2.75E-5                  2.0E-5                   140000                   1.7574108599623315E-4
2.75E-5                  2.0E-5                   150000                   1.7580818975611678E-4
2.75E-5                  2.0E-5                   160000                   1.758473863967767E-4
2.75E-5                  2.0E-5                   170000                   1.7586325600504914E-4
2.75E-5                  2.0E-5                   180000                   1.7586924981320945E-4
2.75E-5                  2.0E-5                   190000                   1.7586930887869456E-4
2.75E-5                  2.0E-5                   200000                   1.7586769898163466E-4
2.75E-5                  5.0E-5                   0                        0
2.75E-5                  5.0E-5                   0.1                      0
2.75E-5                  5.0E-5                   0.2                      0
2.75E-5                  5.0E-5                   0.30000000000000004      0
2.75E-5                  5.0E-5                   0.4                      0
2.75E-5                  5.0E-5                   0.5                      0
2.75E-5                  5.0E-5                   0.6000000000000001       0
2.75E-5                  5.0E-5                   0.7000000000000001       0
2.75E-5                  5.0E-5                   0.8                      0
2.75E-5                  5.0E-5                   0.9                      0
2.75E-5                  5.0E-5                   1                        1.0867084139720652E-6
2.75E-5                  5.0E-5                   1.1                      2.0111293279040407E-6
2.75E-5                  5.0E-5                   1.2000000000000002       2.024938295574755E-6
2.75E-5                  5.0E-5                   1.3                      2.0386986558703026E-6
2.75E-5                  5.0E-5                   1.4000000000000001       2.0524130174690514E-6
2.75E-5                  5.0E-5                   1.5                      2.0660787911332546E-6
2.75E-5                  5.0E-5                   1.6                      2.0796853353582196E-6
2.75E-5                  5.0E-5                   1.7000000000000002       2.0932580630361856E-6
2.75E-5                  5.0E-5                   1.8                      2.106797042581518E-6
2.75E-5                  5.0E-5                   1.9000000000000001       2.120287121145111E-6
2.75E-5                  5.0E-5                   2                        2.1336738355063555E-6
2.75E-5                  5.0E-5                   5                        2.518571564427772E-6
2.75E-5                  5.0E-5                   10                       3.09447804535688E-6
2.75E-5                  5.0E-5                   100                      8.850550083480951E-6
2.75E-5                  5.0E-5                   100                      8.850550083480951E-6
2.75E-5                  5.0E-5                   200                      1.2570429046628554E-5
2.75E-5                  5.0E-5                   300                      1.5417489027317916E-5
2.75E-5                  5.0E-5                   400                      1.7812661733130018E-5
2.75E-5                  5.0E-5                   500                      1.99202700077612E-5
2.75E-5                  5.0E-5                   600                      2.1821835215907625E-5
2.75E-5                  5.0E-5                   700                      2.356952320638678E-5
2.75E-5                  5.0E-5                   800                      2.519441544012047E-5
2.75E-5                  5.0E-5                   900                      2.6719289412114485E-5
2.75E-5                  5.0E-5                   1000                     2.8170639913726317E-5
2.75E-5                  5.0E-5                   2000                     3.9829982410698555E-5
2.75E-5                  5.0E-5                   3000                     4.875322019642639E-5
2.75E-5                  5.0E-5                   4000                     5.627414378010988E-5
2.75E-5                  5.0E-5                   5000                     6.288596564927226E-5
2.75E-5                  5.0E-5                   6000                     6.886222492314872E-5
2.75E-5                  5.0E-5                   7000                     7.434897642389469E-5
2.75E-5                  5.0E-5                   8000                     7.94415292251129E-5
2.75E-5                  5.0E-5                   9000                     8.420538311474003E-5
2.75E-5                  5.0E-5                   10000                    8.869042286928655E-5
2.75E-5                  5.0E-5                   20000                    1.2304799188535013E-4
2.75E-5                  5.0E-5                   30000                    1.4399615877126666E-4
2.75E-5                  5.0E-5                   40000                    1.5620851298844818E-4
2.75E-5                  5.0E-5                   50000                    1.6291896383854567E-4
2.75E-5                  5.0E-5                   60000                    1.6647558210003828E-4
2.75E-5                  5.0E-5                   70000                    1.6841986342974028E-4
2.75E-5                  5.0E-5                   80000                    1.6962466832002945E-4
2.75E-5                  5.0E-5                   90000                    1.7040636845966443E-4
2.75E-5                  5.0E-5                   100000                   1.708175888078757E-4
2.75E-5                  5.0E-5                   110000                   1.7093984637873362E-4
2.75E-5                  5.0E-5                   120000                   1.7086802421101722E-4
2.75E-5                  5.0E-5                   130000                   1.7081136834820143E-4
2.75E-5                  5.0E-5                   140000                   1.7071405405161597E-4
2.75E-5                  5.0E-5                   150000                   1.7065157896156688E-4
2.75E-5                  5.0E-5                   160000                   1.7060234740406868E-4
2.75E-5                  5.0E-5                   170000                   1.7057464959739245E-4
2.75E-5                  5.0E-5                   180000                   1.705530359584805E-4
2.75E-5                  5.0E-5                   190000                   1.7054130812725442E-4
2.75E-5                  5.0E-5                   200000                   1.7053216332859014E-4
2.75E-5                  8.0E-5                   0                        0
2.75E-5                  8.0E-5                   0.1                      0
2.75E-5                  8.0E-5                   0.2                      0
2.75E-5                  8.0E-5                   0.30000000000000004      0
2.75E-5                  8.0E-5                   0.4                      0
2.75E-5                  8.0E-5                   0.5                      0
2.75E-5                  8.0E-5                   0.6000000000000001       0
2.75E-5                  8.0E-5                   0.7000000000000001       0
2.75E-5                  8.0E-5                   0.8                      0
2.75E-5                  8.0E-5                   0.9                      0
2.75E-5                  8.0E-5                   1                        1.1181524397875324E-6
2.75E-5                  8.0E-5                   1.1                      2.068425144969897E-6
2.75E-5                  8.0E-5                   1.2000000000000002       2.081952949344189E-6
2.75E-5                  8.0E-5                   1.3                      2.0954338595085145E-6
2.75E-5                  8.0E-5                   1.4000000000000001       2.1088701478452547E-6
2.75E-5                  8.0E-5                   1.5                      2.1222602449506994E-6
2.75E-5                  8.0E-5                   1.6                      2.1355920776877013E-6
2.75E-5                  8.0E-5                   1.7000000000000002       2.1488915474650586E-6
2.75E-5                  8.0E-5                   1.8                      2.1621587127861583E-6
2.75E-5                  8.0E-5                   1.9000000000000001       2.1753818314605693E-6
2.75E-5                  8.0E-5                   2                        2.188501129418098E-6
2.75E-5                  8.0E-5                   5                        2.5649874512385625E-6
2.75E-5                  8.0E-5                   10                       3.130219503410402E-6
2.75E-5                  8.0E-5                   100                      8.8621816111573E-6
2.75E-5                  8.0E-5                   100                      8.8621816111573E-6
2.75E-5                  8.0E-5                   200                      1.258485369682622E-5
2.75E-5                  8.0E-5                   300                      1.5438251478771587E-5
2.75E-5                  8.0E-5                   400                      1.7835238524800142E-5
2.75E-5                  8.0E-5                   500                      1.9942720160132357E-5
2.75E-5                  8.0E-5                   600                      2.1844739717205058E-5
2.75E-5                  8.0E-5                   700                      2.360621779495613E-5
2.75E-5                  8.0E-5                   800                      2.5243211511872926E-5
2.75E-5                  8.0E-5                   900                      2.677569187446966E-5
2.75E-5                  8.0E-5                   1000                     2.8221928758796426E-5
2.75E-5                  8.0E-5                   2000                     3.988129720337188E-5
2.75E-5                  8.0E-5                   3000                     4.882794692260395E-5
2.75E-5                  8.0E-5                   4000                     5.636673581042702E-5
2.75E-5                  8.0E-5                   5000                     6.30007450221064E-5
2.75E-5                  8.0E-5                   6000                     6.897732757801345E-5
2.75E-5                  8.0E-5                   7000                     7.445535532059767E-5
2.75E-5                  8.0E-5                   8000                     7.951872131347864E-5
2.75E-5                  8.0E-5                   9000                     8.425486261498573E-5
2.75E-5                  8.0E-5                   10000                    8.87192259410255E-5
2.75E-5                  8.0E-5                   20000                    1.2163754381652107E-4
2.75E-5                  8.0E-5                   30000                    1.4026560391040957E-4
2.75E-5                  8.0E-5                   40000                    1.503040044101562E-4
2.75E-5                  8.0E-5                   50000                    1.5544599516425722E-4
2.75E-5                  8.0E-5                   60000                    1.5801535269801078E-4
2.75E-5                  8.0E-5                   70000                    1.5930694040387772E-4
2.75E-5                  8.0E-5                   80000                    1.5999006873486984E-4
2.75E-5                  8.0E-5                   90000                    1.6037602857703678E-4
2.75E-5                  8.0E-5                   100000                   1.605789667459908E-4
2.75E-5                  8.0E-5                   110000                   1.6066106814677055E-4
2.75E-5                  8.0E-5                   120000                   1.606554603454696E-4
2.75E-5                  8.0E-5                   130000                   1.6062570765884465E-4
2.75E-5                  8.0E-5                   140000                   1.6058640998823745E-4
2.75E-5                  8.0E-5                   150000                   1.6056958384613794E-4
2.75E-5                  8.0E-5                   160000                   1.6055493673697754E-4
2.75E-5                  8.0E-5                   170000                   1.6055932138685268E-4
2.75E-5                  8.0E-5                   180000                   1.6056191837754405E-4
2.75E-5                  8.0E-5                   190000                   1.6056959079257589E-4
2.75E-5                  8.0E-5                   200000                   1.6057412416707213E-4
3.5000000000000004E-5    2.0E-5                   0                        0
3.5000000000000004E-5    2.0E-5                   0.1                      0
3.5000000000000004E-5    2.0E-5                   0.2                      0
3.5000000000000004E-5    2.0E-5                   0.30000000000000004      0
3.5000000000000004E-5    2.0E-5                   0.4                      0
3.5000000000000004E-5    2.0E-5                   0.5                      0
3.5000000000000004E-5    2.0E-5                   0.6000000000000001       0
3.5000000000000004E-5    2.0E-5                   0.7000000000000001       0
3.5000000000000004E-5    2.0E-5                   0.8                      0
3.5000000000000004E-5    2.0E-5                   0.9                      0
3.5000000000000004E-5    2.0E-5                   1                        1.0988415474700158E-6
3.5000000000000004E-5    2.0E-5                   1.1                      2.0373269015808465E-6
3.5000000000000004E-5    2.0E-5                   1.2000000000000002       2.051341235184754E-6
3.5000000000000004E-5    2.0E-5                   1.3                      2.0652935624715285E-6
3.5000000000000004E-5    2.0E-5                   1.4000000000000001       2.079198794004529E-6
3.5000000000000004E-5    2.0E-5                   1.5                      2.093044691235006E-6
3.5000000000000004E-5    2.0E-5                   1.6                      2.1068476137230236E-6
3.5000000000000004E-5    2.0E-5                   1.7000000000000002       2.1205923739351153E-6
3.5000000000000004E-5    2.0E-5                   1.8                      2.1342966590710774E-6
3.5000000000000004E-5    2.0E-5                   1.9000000000000001       2.1479482695071685E-6
3.5000000000000004E-5    2.0E-5                   2                        2.1615528305062847E-6
3.5000000000000004E-5    2.0E-5                   5                        2.5494620540567035E-6
3.5000000000000004E-5    2.0E-5                   10                       3.1260326416052605E-6
3.5000000000000004E-5    2.0E-5                   100                      8.896852537273893E-6
3.5000000000000004E-5    2.0E-5                   100                      8.896852537273893E-6
3.5000000000000004E-5    2.0E-5                   200                      1.2634422501539847E-5
3.5000000000000004E-5    2.0E-5                   300                      1.5497127067281065E-5
3.5000000000000004E-5    2.0E-5                   400                      1.7907283234978385E-5
3.5000000000000004E-5    2.0E-5                   500                      2.0027204902632195E-5
3.5000000000000004E-5    2.0E-5                   600                      2.1943386011974937E-5
3.5000000000000004E-5    2.0E-5                   700                      2.3702676431464912E-5
3.5000000000000004E-5    2.0E-5                   800                      2.533847058782503E-5
3.5000000000000004E-5    2.0E-5                   900                      2.687251916966499E-5
3.5000000000000004E-5    2.0E-5                   1000                     2.8322795136545684E-5
3.5000000000000004E-5    2.0E-5                   2000                     4.004072953755555E-5
3.5000000000000004E-5    2.0E-5                   3000                     4.9014863610947215E-5
3.5000000000000004E-5    2.0E-5                   4000                     5.6572116360799664E-5
3.5000000000000004E-5    2.0E-5                   5000                     6.321364736593697E-5
3.5000000000000004E-5    2.0E-5                   6000                     6.920178068183648E-5
3.5000000000000004E-5    2.0E-5                   7000                     7.473838483891886E-5
3.5000000000000004E-5    2.0E-5                   8000                     7.987617533588298E-5
3.5000000000000004E-5    2.0E-5                   9000                     8.467588843996613E-5
3.5000000000000004E-5    2.0E-5                   10000                    8.919305272792745E-5
3.5000000000000004E-5    2.0E-5                   20000                    1.2409608880234476E-4
3.5000000000000004E-5    2.0E-5                   30000                    1.460131535584108E-4
3.5000000000000004E-5    2.0E-5                   40000                    1.593617010551502E-4
3.5000000000000004E-5    2.0E-5                   50000                    1.670547139068278E-4
3.5000000000000004E-5    2.0E-5                   60000                    1.7125979519164928E-4
3.5000000000000004E-5    2.0E-5                   70000                    1.7340229547423098E-4
3.5000000000000004E-5    2.0E-5                   80000                    1.7441061656610384E-4
3.5000000000000004E-5    2.0E-5                   90000                    1.748846879217604E-4
3.5000000000000004E-5    2.0E-5                   100000                   1.750259281928376E-4
3.5000000000000004E-5    2.0E-5                   110000                   1.7512573885699622E-4
3.5000000000000004E-5    2.0E-5                   120000                   1.7526929250442572E-4
3.5000000000000004E-5    2.0E-5                   130000                   1.7538269738834984E-4
3.5000000000000004E-5    2.0E-5                   140000                   1.7544632974572497E-4
3.5000000000000004E-5    2.0E-5                   150000                   1.7549709170869122E-4
3.5000000000000004E-5    2.0E-5                   160000                   1.7552631035088435E-4
3.5000000000000004E-5    2.0E-5                   170000                   1.755492661579155E-4
3.5000000000000004E-5    2.0E-5                   180000                   1.755617313917762E-4
3.5000000000000004E-5    2.0E-5                   190000                   1.7557150004680696E-4
3.5000000000000004E-5    2.0E-5                   200000                   1.755767503388926E-4
3.5000000000000004E-5    5.0E-5                   0                        0
3.5000000000000004E-5    5.0E-5                   0.1                      0
3.5000000000000004E-5    5.0E-5                   0.2                      0
3.5000000000000004E-5    5.0E-5                   0.30000000000000004      0
3.5000000000000004E-5    5.0E-5                   0.4                      0
3.5000000000000004E-5    5.0E-5                   0.5                      0
3.5000000000000004E-5    5.0E-5                   0.6000000000000001       0
3.5000000000000004E-5    5.0E-5                   0.7000000000000001       0
3.5000000000000004E-5    5.0E-5                   0.8                      0
3.5000000000000004E-5    5.0E-5                   0.9                      0
3.5000000000000004E-5    5.0E-5                   1                        1.0800435580849244E-6
3.5000000000000004E-5    5.0E-5                   1.1                      1.9976534314800806E-6
3.5000000000000004E-5    5.0E-5                   1.2000000000000002       2.0121122104742756E-6
3.5000000000000004E-5    5.0E-5                   1.3                      2.0265181190746987E-6
3.5000000000000004E-5    5.0E-5                   1.4000000000000001       2.0408642289179458E-6
3.5000000000000004E-5    5.0E-5                   1.5                      2.0551703285788036E-6
3.5000000000000004E-5    5.0E-5                   1.6                      2.0693960879361014E-6
3.5000000000000004E-5    5.0E-5                   1.7000000000000002       2.0835761159547994E-6
3.5000000000000004E-5    5.0E-5                   1.8                      2.0977190303456327E-6
3.5000000000000004E-5    5.0E-5                   1.9000000000000001       2.111824913009588E-6
3.5000000000000004E-5    5.0E-5                   2                        2.1258694361441615E-6
3.5000000000000004E-5    5.0E-5                   5                        2.5265006632746448E-6
3.5000000000000004E-5    5.0E-5                   10                       3.122778071568828E-6
3.5000000000000004E-5    5.0E-5                   100                      8.988287432563132E-6
3.5000000000000004E-5    5.0E-5                   100                      8.988287432563132E-6
3.5000000000000004E-5    5.0E-5                   200                      1.2761700567079903E-5
3.5000000000000004E-5    5.0E-5                   300                      1.5660569608055848E-5
3.5000000000000004E-5    5.0E-5                   400                      1.809136436384795E-5
3.5000000000000004E-5    5.0E-5                   500                      2.022378076620832E-5
3.5000000000000004E-5    5.0E-5                   600                      2.214998716856853E-5
3.5000000000000004E-5    5.0E-5                   700                      2.392555968067737E-5
3.5000000000000004E-5    5.0E-5                   800                      2.557890046541508E-5
3.5000000000000004E-5    5.0E-5                   900                      2.7130821955475694E-5
3.5000000000000004E-5    5.0E-5                   1000                     2.859758257212426E-5
3.5000000000000004E-5    5.0E-5                   2000                     4.041978156694094E-5
3.5000000000000004E-5    5.0E-5                   3000                     4.94739224630959E-5
3.5000000000000004E-5    5.0E-5                   4000                     5.7095216029825865E-5
3.5000000000000004E-5    5.0E-5                   5000                     6.37819475816783E-5
3.5000000000000004E-5    5.0E-5                   6000                     6.981272623955221E-5
3.5000000000000004E-5    5.0E-5                   7000                     7.53413347003498E-5
3.5000000000000004E-5    5.0E-5                   8000                     8.046319259495748E-5
3.5000000000000004E-5    5.0E-5                   9000                     8.524212356918208E-5
3.5000000000000004E-5    5.0E-5                   10000                    8.973006964611624E-5
3.5000000000000004E-5    5.0E-5                   20000                    1.2369863069520423E-4
3.5000000000000004E-5    5.0E-5                   30000                    1.4407061887875637E-4
3.5000000000000004E-5    5.0E-5                   40000                    1.556993993638511E-4
3.5000000000000004E-5    5.0E-5                   50000                    1.6197900508922028E-4
3.5000000000000004E-5    5.0E-5                   60000                    1.651968993986315E-4
3.5000000000000004E-5    5.0E-5                   70000                    1.669197271797701E-4
3.5000000000000004E-5    5.0E-5                   80000                    1.6797910173445572E-4
3.5000000000000004E-5    5.0E-5                   90000                    1.6869807036591446E-4
3.5000000000000004E-5    5.0E-5                   100000                   1.6903607804626648E-4
3.5000000000000004E-5    5.0E-5                   110000                   1.690447095796331E-4
3.5000000000000004E-5    5.0E-5                   120000                   1.6904089353247581E-4
3.5000000000000004E-5    5.0E-5                   130000                   1.6897700434277243E-4
3.5000000000000004E-5    5.0E-5                   140000                   1.6891043154980377E-4
3.5000000000000004E-5    5.0E-5                   150000                   1.688641177948239E-4
3.5000000000000004E-5    5.0E-5                   160000                   1.688348953563507E-4
3.5000000000000004E-5    5.0E-5                   170000                   1.688149565792082E-4
3.5000000000000004E-5    5.0E-5                   180000                   1.6880284674801279E-4
3.5000000000000004E-5    5.0E-5                   190000                   1.687946040062518E-4
3.5000000000000004E-5    5.0E-5                   200000                   1.6878962180592928E-4
3.5000000000000004E-5    8.0E-5                   0                        0
3.5000000000000004E-5    8.0E-5                   0.1                      0
3.5000000000000004E-5    8.0E-5                   0.2                      0
3.5000000000000004E-5    8.0E-5                   0.30000000000000004      0
3.5000000000000004E-5    8.0E-5                   0.4                      0
3.5000000000000004E-5    8.0E-5                   0.5                      0
3.5000000000000004E-5    8.0E-5                   0.6000000000000001       0
3.5000000000000004E-5    8.0E-5                   0.7000000000000001       0
3.5000000000000004E-5    8.0E-5                   0.8                      0
3.5000000000000004E-5    8.0E-5                   0.9                      0
3.5000000000000004E-5    8.0E-5                   1                        1.1292737746121434E-6
3.5000000000000004E-5    8.0E-5                   1.1                      2.0862462067677953E-6
3.5000000000000004E-5    8.0E-5                   1.2000000000000002       2.1000311282882123E-6
3.5000000000000004E-5    8.0E-5                   1.3                      2.1137704555621276E-6
3.5000000000000004E-5    8.0E-5                   1.4000000000000001       2.127458515297543E-6
3.5000000000000004E-5    8.0E-5                   1.5                      2.1411118855495613E-6
3.5000000000000004E-5    8.0E-5                   1.6                      2.15469595620968E-6
3.5000000000000004E-5    8.0E-5                   1.7000000000000002       2.168240954093452E-6
3.5000000000000004E-5    8.0E-5                   1.8                      2.1817535376829334E-6
3.5000000000000004E-5    8.0E-5                   1.9000000000000001       2.195233769998489E-6
3.5000000000000004E-5    8.0E-5                   2                        2.208658719429243E-6
3.5000000000000004E-5    8.0E-5                   5                        2.5933760831643724E-6
3.5000000000000004E-5    8.0E-5                   10                       3.171037162824763E-6
3.5000000000000004E-5    8.0E-5                   100                      9.004166634400021E-6
3.5000000000000004E-5    8.0E-5                   100                      9.004166634400021E-6
3.5000000000000004E-5    8.0E-5                   200                      1.2790998778060621E-5
3.5000000000000004E-5    8.0E-5                   300                      1.569752121189131E-5
3.5000000000000004E-5    8.0E-5                   400                      1.813670448142125E-5
3.5000000000000004E-5    8.0E-5                   500                      2.027507524047161E-5
3.5000000000000004E-5    8.0E-5                   600                      2.2206962836544808E-5
3.5000000000000004E-5    8.0E-5                   700                      2.3986817973972332E-5
3.5000000000000004E-5    8.0E-5                   800                      2.5644015850159947E-5
3.5000000000000004E-5    8.0E-5                   900                      2.7199850107425906E-5
3.5000000000000004E-5    8.0E-5                   1000                     2.8669849907117706E-5
3.5000000000000004E-5    8.0E-5                   2000                     4.052729243448365E-5
3.5000000000000004E-5    8.0E-5                   3000                     4.9610604359567024E-5
3.5000000000000004E-5    8.0E-5                   4000                     5.724313259486705E-5
3.5000000000000004E-5    8.0E-5                   5000                     6.392734475904625E-5
3.5000000000000004E-5    8.0E-5                   6000                     6.993609590355303E-5
3.5000000000000004E-5    8.0E-5                   7000                     7.54148951279394E-5
3.5000000000000004E-5    8.0E-5                   8000                     8.045929976957979E-5
3.5000000000000004E-5    8.0E-5                   9000                     8.513667015910812E-5
3.5000000000000004E-5    8.0E-5                   10000                    8.949914868636306E-5
3.5000000000000004E-5    8.0E-5                   20000                    1.211848863984182E-4
3.5000000000000004E-5    8.0E-5                   30000                    1.385645550438389E-4
3.5000000000000004E-5    8.0E-5                   40000                    1.4764586169770049E-4
3.5000000000000004E-5    8.0E-5                   50000                    1.520303031944612E-4
3.5000000000000004E-5    8.0E-5                   60000                    1.540800451511983E-4
3.5000000000000004E-5    8.0E-5                   70000                    1.551937216699088E-4
3.5000000000000004E-5    8.0E-5                   80000                    1.5594490476484324E-4
3.5000000000000004E-5    8.0E-5                   90000                    1.561826446156281E-4
3.5000000000000004E-5    8.0E-5                   100000                   1.5629834408014879E-4
3.5000000000000004E-5    8.0E-5                   110000                   1.563134591957775E-4
3.5000000000000004E-5    8.0E-5                   120000                   1.5626206199641175E-4
3.5000000000000004E-5    8.0E-5                   130000                   1.5621019335570793E-4
3.5000000000000004E-5    8.0E-5                   140000                   1.5618780995032685E-4
3.5000000000000004E-5    8.0E-5                   150000                   1.5616704626272875E-4
3.5000000000000004E-5    8.0E-5                   160000                   1.56158001774835E-4
3.5000000000000004E-5    8.0E-5                   170000                   1.5614960158033572E-4
3.5000000000000004E-5    8.0E-5                   180000                   1.5614602655052867E-4
3.5000000000000004E-5    8.0E-5                   190000                   1.5614271689322153E-4
3.5000000000000004E-5    8.0E-5                   200000                   1.5614131616870555E-4
