% Model:              C52_3D_base_unit_cell_recesses_v2.mph
% Version:            COMSOL 5.2.0.220
% Date:               Jul 13 2026, 00:42
% Table:              Table 4 - Global Evaluation 1 (n_CO2_film)
% R_texture (m)          H_texture (m)            t (s)                    Total moles of CO2 captured per unit cell (mol)
2.0E-5                   5.0E-6                   0                        0
2.0E-5                   5.0E-6                   0.1                      0
2.0E-5                   5.0E-6                   0.2                      0
2.0E-5                   5.0E-6                   0.30000000000000004      0
2.0E-5                   5.0E-6                   0.4                      0
2.0E-5                   5.0E-6                   0.5                      0
2.0E-5                   5.0E-6                   0.6000000000000001       0
2.0E-5                   5.0E-6                   0.7000000000000001       0
2.0E-5                   5.0E-6                   0.8                      0
2.0E-5                   5.0E-6                   0.9                      0
2.0E-5                   5.0E-6                   1                        1.0747318605157457E-6
2.0E-5                   5.0E-6                   1.1                      1.9917735777110904E-6
2.0E-5                   5.0E-6                   1.2000000000000002       2.0048237539223163E-6
2.0E-5                   5.0E-6                   1.3                      2.0178256429419252E-6
2.0E-5                   5.0E-6                   1.4000000000000001       2.030789023560947E-6
2.0E-5                   5.0E-6                   1.5                      2.0436900082156916E-6
2.0E-5                   5.0E-6                   1.6                      2.0565552776352622E-6
2.0E-5                   5.0E-6                   1.7000000000000002       2.0693879639243473E-6
2.0E-5                   5.0E-6                   1.8                      2.08216979946723E-6
2.0E-5                   5.0E-6                   1.9000000000000001       2.0948672433277335E-6
2.0E-5                   5.0E-6                   2                        2.1075353630358996E-6
2.0E-5                   5.0E-6                   5                        2.4700683636855664E-6
2.0E-5                   5.0E-6                   10                       3.0137785502733305E-6
2.0E-5                   5.0E-6                   100                      8.497852618231356E-6
2.0E-5                   5.0E-6                   100                      8.497852618231356E-6
2.0E-5                   5.0E-6                   200                      1.2057690330464145E-5
2.0E-5                   5.0E-6                   300                      1.4784578666093529E-5
2.0E-5                   5.0E-6                   400                      1.707501261832218E-5
2.0E-5                   5.0E-6                   500                      1.9088765899875654E-5
2.0E-5                   5.0E-6                   600                      2.0918178037063623E-5
2.0E-5                   5.0E-6                   700                      2.2602843694287426E-5
2.0E-5                   5.0E-6                   800                      2.416636988038238E-5
2.0E-5                   5.0E-6                   900                      2.56321135888756E-5
2.0E-5                   5.0E-6                   1000                     2.7017046890602447E-5
2.0E-5                   5.0E-6                   2000                     3.822633171397791E-5
2.0E-5                   5.0E-6                   3000                     4.6856564241416685E-5
2.0E-5                   5.0E-6                   4000                     5.41537576169818E-5
2.0E-5                   5.0E-6                   5000                     6.058594585705898E-5
2.0E-5                   5.0E-6                   6000                     6.64130014973698E-5
2.0E-5                   5.0E-6                   7000                     7.177907252928124E-5
2.0E-5                   5.0E-6                   8000                     7.677546003256069E-5
2.0E-5                   5.0E-6                   9000                     8.146463993378174E-5
2.0E-5                   5.0E-6                   10000                    8.589337458368593E-5
2.0E-5                   5.0E-6                   20000                    1.206786592009348E-4
2.0E-5                   5.0E-6                   30000                    1.432070012295246E-4
2.0E-5                   5.0E-6                   40000                    1.5723571210363982E-4
2.0E-5                   5.0E-6                   50000                    1.6550820653797645E-4
2.0E-5                   5.0E-6                   60000                    1.7020416955273204E-4
2.0E-5                   5.0E-6                   70000                    1.7278193514958423E-4
2.0E-5                   5.0E-6                   80000                    1.741370067761761E-4
2.0E-5                   5.0E-6                   90000                    1.74936038276972E-4
2.0E-5                   5.0E-6                   100000                   1.7544187307104426E-4
2.0E-5                   5.0E-6                   110000                   1.757435952033755E-4
2.0E-5                   5.0E-6                   120000                   1.7598475868586474E-4
2.0E-5                   5.0E-6                   130000                   1.7614136993753554E-4
2.0E-5                   5.0E-6                   140000                   1.7624385990891285E-4
2.0E-5                   5.0E-6                   150000                   1.7629671533846326E-4
2.0E-5                   5.0E-6                   160000                   1.7633050287515326E-4
2.0E-5                   5.0E-6                   170000                   1.7633952111980006E-4
2.0E-5                   5.0E-6                   180000                   1.7634550411944886E-4
2.0E-5                   5.0E-6                   190000                   1.763426347400011E-4
2.0E-5                   5.0E-6                   200000                   1.763408022022795E-4
2.0E-5                   1.25E-5                  0                        0
2.0E-5                   1.25E-5                  0.1                      0
2.0E-5                   1.25E-5                  0.2                      0
2.0E-5                   1.25E-5                  0.30000000000000004      0
2.0E-5                   1.25E-5                  0.4                      0
2.0E-5                   1.25E-5                  0.5                      0
2.0E-5                   1.25E-5                  0.6000000000000001       0
2.0E-5                   1.25E-5                  0.7000000000000001       0
2.0E-5                   1.25E-5                  0.8                      0
2.0E-5                   1.25E-5                  0.9                      0
2.0E-5                   1.25E-5                  1                        1.0956577315930538E-6
2.0E-5                   1.25E-5                  1.1                      2.0308169325333806E-6
2.0E-5                   1.25E-5                  1.2000000000000002       2.044251542344276E-6
2.0E-5                   1.25E-5                  1.3                      2.057636630600277E-6
2.0E-5                   1.25E-5                  1.4000000000000001       2.070982195208506E-6
2.0E-5                   1.25E-5                  1.5                      2.084263752412366E-6
2.0E-5                   1.25E-5                  1.6                      2.0975086931917364E-6
2.0E-5                   1.25E-5                  1.7000000000000002       2.110720089365001E-6
2.0E-5                   1.25E-5                  1.8                      2.1238788054361023E-6
2.0E-5                   1.25E-5                  1.9000000000000001       2.136951636846653E-6
2.0E-5                   1.25E-5                  2                        2.1499942138396725E-6
2.0E-5                   1.25E-5                  5                        2.5232161562893147E-6
2.0E-5                   1.25E-5                  10                       3.082685224734656E-6
2.0E-5                   1.25E-5                  100                      8.709120858930656E-6
2.0E-5                   1.25E-5                  100                      8.709120858930656E-6
2.0E-5                   1.25E-5                  200                      1.2359507458068081E-5
2.0E-5                   1.25E-5                  300                      1.5153066510000748E-5
2.0E-5                   1.25E-5                  400                      1.7496685109663455E-5
2.0E-5                   1.25E-5                  500                      1.9554497500443605E-5
2.0E-5                   1.25E-5                  600                      2.1421290345586224E-5
2.0E-5                   1.25E-5                  700                      2.3138462708303968E-5
2.0E-5                   1.25E-5                  800                      2.4730391004103646E-5
2.0E-5                   1.25E-5                  900                      2.6221262196970693E-5
2.0E-5                   1.25E-5                  1000                     2.7628712065448377E-5
2.0E-5                   1.25E-5                  2000                     3.8981216790389756E-5
2.0E-5                   1.25E-5                  3000                     4.76856309992898E-5
2.0E-5                   1.25E-5                  4000                     5.5028359969834935E-5
2.0E-5                   1.25E-5                  5000                     6.149079631856944E-5
2.0E-5                   1.25E-5                  6000                     6.733927526749655E-5
2.0E-5                   1.25E-5                  7000                     7.272128333585426E-5
2.0E-5                   1.25E-5                  8000                     7.772970659301798E-5
2.0E-5                   1.25E-5                  9000                     8.242785851718219E-5
2.0E-5                   1.25E-5                  10000                    8.68626181983089E-5
2.0E-5                   1.25E-5                  20000                    1.2157366269485213E-4
2.0E-5                   1.25E-5                  30000                    1.4381557720631648E-4
2.0E-5                   1.25E-5                  40000                    1.5748412414043719E-4
2.0E-5                   1.25E-5                  50000                    1.6542553202749841E-4
2.0E-5                   1.25E-5                  60000                    1.6986496745827719E-4
2.0E-5                   1.25E-5                  70000                    1.7225165027229838E-4
2.0E-5                   1.25E-5                  80000                    1.7348083097315064E-4
2.0E-5                   1.25E-5                  90000                    1.7420840238649107E-4
2.0E-5                   1.25E-5                  100000                   1.7467221896932586E-4
2.0E-5                   1.25E-5                  110000                   1.7494948002214793E-4
2.0E-5                   1.25E-5                  120000                   1.7517481551030588E-4
2.0E-5                   1.25E-5                  130000                   1.753213299216013E-4
2.0E-5                   1.25E-5                  140000                   1.7541711424285457E-4
2.0E-5                   1.25E-5                  150000                   1.7546591615513632E-4
2.0E-5                   1.25E-5                  160000                   1.7549744371149392E-4
2.0E-5                   1.25E-5                  170000                   1.7550545133679805E-4
2.0E-5                   1.25E-5                  180000                   1.7551095131747052E-4
2.0E-5                   1.25E-5                  190000                   1.7550806903234684E-4
2.0E-5                   1.25E-5                  200000                   1.7550631280798508E-4
2.0E-5                   2.0E-5                   0                        0
2.0E-5                   2.0E-5                   0.1                      0
2.0E-5                   2.0E-5                   0.2                      0
2.0E-5                   2.0E-5                   0.30000000000000004      0
2.0E-5                   2.0E-5                   0.4                      0
2.0E-5                   2.0E-5                   0.5                      0
2.0E-5                   2.0E-5                   0.6000000000000001       0
2.0E-5                   2.0E-5                   0.7000000000000001       0
2.0E-5                   2.0E-5                   0.8                      0
2.0E-5                   2.0E-5                   0.9                      0
2.0E-5                   2.0E-5                   1                        1.1078091935151741E-6
2.0E-5                   2.0E-5                   1.1                      2.0539121633271175E-6
2.0E-5                   2.0E-5                   1.2000000000000002       2.067835572666463E-6
2.0E-5                   2.0E-5                   1.3                      2.0817066677420547E-6
2.0E-5                   2.0E-5                   1.4000000000000001       2.0955360849850596E-6
2.0E-5                   2.0E-5                   1.5                      2.1092978139639475E-6
2.0E-5                   2.0E-5                   1.6                      2.1230210255329885E-6
2.0E-5                   2.0E-5                   1.7000000000000002       2.136708902808449E-6
2.0E-5                   2.0E-5                   1.8                      2.1503408002229833E-6
2.0E-5                   2.0E-5                   1.9000000000000001       2.163882244622178E-6
2.0E-5                   2.0E-5                   2                        2.1773918712078754E-6
2.0E-5                   2.0E-5                   5                        2.5636684069991512E-6
2.0E-5                   2.0E-5                   10                       3.1418374069353125E-6
2.0E-5                   2.0E-5                   100                      8.925356491783455E-6
2.0E-5                   2.0E-5                   100                      8.925356491783455E-6
2.0E-5                   2.0E-5                   200                      1.266916210112225E-5
2.0E-5                   2.0E-5                   300                      1.5537087911979224E-5
2.0E-5                   2.0E-5                   400                      1.794434433289924E-5
2.0E-5                   2.0E-5                   500                      2.005797828661089E-5
2.0E-5                   2.0E-5                   600                      2.1977387987628014E-5
2.0E-5                   2.0E-5                   700                      2.3741309842463764E-5
2.0E-5                   2.0E-5                   800                      2.5376362675845053E-5
2.0E-5                   2.0E-5                   900                      2.6907435308162494E-5
2.0E-5                   2.0E-5                   1000                     2.8352088327329208E-5
2.0E-5                   2.0E-5                   2000                     3.998700656711024E-5
2.0E-5                   2.0E-5                   3000                     4.8873795469112887E-5
2.0E-5                   2.0E-5                   4000                     5.6349330487389414E-5
2.0E-5                   2.0E-5                   5000                     6.291341062019765E-5
2.0E-5                   2.0E-5                   6000                     6.884466081437618E-5
2.0E-5                   2.0E-5                   7000                     7.429440399214656E-5
2.0E-5                   2.0E-5                   8000                     7.93586236565177E-5
2.0E-5                   2.0E-5                   9000                     8.41015434288461E-5
2.0E-5                   2.0E-5                   10000                    8.85732477586596E-5
2.0E-5                   2.0E-5                   20000                    1.2328869119688414E-4
2.0E-5                   2.0E-5                   30000                    1.450937508876115E-4
2.0E-5                   2.0E-5                   40000                    1.5820441588700697E-4
2.0E-5                   2.0E-5                   50000                    1.6564583013229243E-4
2.0E-5                   2.0E-5                   60000                    1.697011631305388E-4
2.0E-5                   2.0E-5                   70000                    1.718240472119524E-4
2.0E-5                   2.0E-5                   80000                    1.7289869256272903E-4
2.0E-5                   2.0E-5                   90000                    1.7352346663581096E-4
2.0E-5                   2.0E-5                   100000                   1.7396219049953542E-4
2.0E-5                   2.0E-5                   110000                   1.7426616175568232E-4
2.0E-5                   2.0E-5                   120000                   1.7438270952278595E-4
2.0E-5                   2.0E-5                   130000                   1.7448595861796078E-4
2.0E-5                   2.0E-5                   140000                   1.745374383156259E-4
2.0E-5                   2.0E-5                   150000                   1.7458322276935642E-4
2.0E-5                   2.0E-5                   160000                   1.7460614862311103E-4
2.0E-5                   2.0E-5                   170000                   1.74626561570618E-4
2.0E-5                   2.0E-5                   180000                   1.7463678656506304E-4
2.0E-5                   2.0E-5                   190000                   1.7464589193986324E-4
2.0E-5                   2.0E-5                   200000                   1.746504536356847E-4
2.0E-5                   2.75E-5                  0                        0
2.0E-5                   2.75E-5                  0.1                      0
2.0E-5                   2.75E-5                  0.2                      0
2.0E-5                   2.75E-5                  0.30000000000000004      0
2.0E-5                   2.75E-5                  0.4                      0
2.0E-5                   2.75E-5                  0.5                      0
2.0E-5                   2.75E-5                  0.6000000000000001       0
2.0E-5                   2.75E-5                  0.7000000000000001       0
2.0E-5                   2.75E-5                  0.8                      0
2.0E-5                   2.75E-5                  0.9                      0
2.0E-5                   2.75E-5                  1                        1.1492157116980516E-6
2.0E-5                   2.75E-5                  1.1                      2.1256657650799697E-6
2.0E-5                   2.75E-5                  1.2000000000000002       2.1397759122765233E-6
2.0E-5                   2.75E-5                  1.3                      2.153835055791859E-6
2.0E-5                   2.75E-5                  1.4000000000000001       2.167848075395199E-6
2.0E-5                   2.75E-5                  1.5                      2.1818057134418555E-6
2.0E-5                   2.75E-5                  1.6                      2.195708125190487E-6
2.0E-5                   2.75E-5                  1.7000000000000002       2.2095755451135436E-6
2.0E-5                   2.75E-5                  1.8                      2.2234080433146798E-6
2.0E-5                   2.75E-5                  1.9000000000000001       2.23716628260961E-6
2.0E-5                   2.75E-5                  2                        2.250844202706612E-6
2.0E-5                   2.75E-5                  5                        2.6427819273989937E-6
2.0E-5                   2.75E-5                  10                       3.229295202573285E-6
2.0E-5                   2.75E-5                  100                      9.137811803721272E-6
2.0E-5                   2.75E-5                  100                      9.137811803721272E-6
2.0E-5                   2.75E-5                  200                      1.2976031171389745E-5
2.0E-5                   2.75E-5                  300                      1.5919077880228635E-5
2.0E-5                   2.75E-5                  400                      1.8392831781676013E-5
2.0E-5                   2.75E-5                  500                      2.0567328313233176E-5
2.0E-5                   2.75E-5                  600                      2.252771552532151E-5
2.0E-5                   2.75E-5                  700                      2.4337970033016224E-5
2.0E-5                   2.75E-5                  800                      2.6025518018102035E-5
2.0E-5                   2.75E-5                  900                      2.7606502723138274E-5
2.0E-5                   2.75E-5                  1000                     2.9098342631205314E-5
2.0E-5                   2.75E-5                  2000                     4.106478962563486E-5
2.0E-5                   2.75E-5                  3000                     5.0205129422330334E-5
2.0E-5                   2.75E-5                  4000                     5.787084773013629E-5
2.0E-5                   2.75E-5                  5000                     6.460134764510595E-5
2.0E-5                   2.75E-5                  6000                     7.06556995795366E-5
2.0E-5                   2.75E-5                  7000                     7.620869808733146E-5
2.0E-5                   2.75E-5                  8000                     8.136057525415575E-5
2.0E-5                   2.75E-5                  9000                     8.617916488964178E-5
2.0E-5                   2.75E-5                  10000                    9.071361777401037E-5
2.0E-5                   2.75E-5                  20000                    1.2535287974694135E-4
2.0E-5                   2.75E-5                  30000                    1.4659425571542434E-4
2.0E-5                   2.75E-5                  40000                    1.592246642610154E-4
2.0E-5                   2.75E-5                  50000                    1.663096454461226E-4
2.0E-5                   2.75E-5                  60000                    1.70067986066301E-4
2.0E-5                   2.75E-5                  70000                    1.71857768522507E-4
2.0E-5                   2.75E-5                  80000                    1.7263237062318488E-4
2.0E-5                   2.75E-5                  90000                    1.7317669553018454E-4
2.0E-5                   2.75E-5                  100000                   1.7339666283446522E-4
2.0E-5                   2.75E-5                  110000                   1.7356024559134927E-4
2.0E-5                   2.75E-5                  120000                   1.7364002910708577E-4
2.0E-5                   2.75E-5                  130000                   1.7371135397041491E-4
2.0E-5                   2.75E-5                  140000                   1.737464461474481E-4
2.0E-5                   2.75E-5                  150000                   1.7377776124918499E-4
2.0E-5                   2.75E-5                  160000                   1.7379286297374558E-4
2.0E-5                   2.75E-5                  170000                   1.7380634021874565E-4
2.0E-5                   2.75E-5                  180000                   1.7381283781330525E-4
2.0E-5                   2.75E-5                  190000                   1.7381863646096323E-4
2.0E-5                   2.75E-5                  200000                   1.738214308534092E-4
2.0E-5                   3.5000000000000004E-5    0                        0
2.0E-5                   3.5000000000000004E-5    0.1                      0
2.0E-5                   3.5000000000000004E-5    0.2                      0
2.0E-5                   3.5000000000000004E-5    0.30000000000000004      0
2.0E-5                   3.5000000000000004E-5    0.4                      0
2.0E-5                   3.5000000000000004E-5    0.5                      0
2.0E-5                   3.5000000000000004E-5    0.6000000000000001       0
2.0E-5                   3.5000000000000004E-5    0.7000000000000001       0
2.0E-5                   3.5000000000000004E-5    0.8                      0
2.0E-5                   3.5000000000000004E-5    0.9                      0
2.0E-5                   3.5000000000000004E-5    1                        1.184687150329877E-6
2.0E-5                   3.5000000000000004E-5    1.1                      2.191088319902911E-6
2.0E-5                   3.5000000000000004E-5    1.2000000000000002       2.2055489412606683E-6
2.0E-5                   3.5000000000000004E-5    1.3                      2.2199558497255737E-6
2.0E-5                   3.5000000000000004E-5    1.4000000000000001       2.2343118600480214E-6
2.0E-5                   3.5000000000000004E-5    1.5                      2.248614668324935E-6
2.0E-5                   3.5000000000000004E-5    1.6                      2.2628511473053697E-6
2.0E-5                   3.5000000000000004E-5    1.7000000000000002       2.2770508864949265E-6
2.0E-5                   3.5000000000000004E-5    1.8                      2.2912139620193346E-6
2.0E-5                   3.5000000000000004E-5    1.9000000000000001       2.305325241505693E-6
2.0E-5                   3.5000000000000004E-5    2                        2.319318508317477E-6
2.0E-5                   3.5000000000000004E-5    5                        2.721023765971242E-6
2.0E-5                   3.5000000000000004E-5    10                       3.3201536572120525E-6
2.0E-5                   3.5000000000000004E-5    100                      9.339198465818187E-6
2.0E-5                   3.5000000000000004E-5    100                      9.339198465818187E-6
2.0E-5                   3.5000000000000004E-5    200                      1.3270142075965584E-5
2.0E-5                   3.5000000000000004E-5    300                      1.6296785180672882E-5
2.0E-5                   3.5000000000000004E-5    400                      1.8833005308492396E-5
2.0E-5                   3.5000000000000004E-5    500                      2.1058902154536213E-5
2.0E-5                   3.5000000000000004E-5    600                      2.3073807373760323E-5
2.0E-5                   3.5000000000000004E-5    700                      2.4928167296806477E-5
2.0E-5                   3.5000000000000004E-5    800                      2.6653400752548392E-5
2.0E-5                   3.5000000000000004E-5    900                      2.8271911656889287E-5
2.0E-5                   3.5000000000000004E-5    1000                     2.9801316838307528E-5
2.0E-5                   3.5000000000000004E-5    2000                     4.214735219347073E-5
2.0E-5                   3.5000000000000004E-5    3000                     5.15473005204386E-5
2.0E-5                   3.5000000000000004E-5    4000                     5.9409541631883814E-5
2.0E-5                   3.5000000000000004E-5    5000                     6.630512307686693E-5
2.0E-5                   3.5000000000000004E-5    6000                     7.249806110906587E-5
2.0E-5                   3.5000000000000004E-5    7000                     7.814665405095612E-5
2.0E-5                   3.5000000000000004E-5    8000                     8.336451113732842E-5
2.0E-5                   3.5000000000000004E-5    9000                     8.822679057947795E-5
2.0E-5                   3.5000000000000004E-5    10000                    9.277749118883258E-5
2.0E-5                   3.5000000000000004E-5    20000                    1.2722102802579908E-4
2.0E-5                   3.5000000000000004E-5    30000                    1.4773936140107544E-4
2.0E-5                   3.5000000000000004E-5    40000                    1.5945362063130475E-4
2.0E-5                   3.5000000000000004E-5    50000                    1.658583840707151E-4
2.0E-5                   3.5000000000000004E-5    60000                    1.692283806556314E-4
2.0E-5                   3.5000000000000004E-5    70000                    1.7099604140107593E-4
2.0E-5                   3.5000000000000004E-5    80000                    1.7193408087015635E-4
2.0E-5                   3.5000000000000004E-5    90000                    1.724875450646147E-4
2.0E-5                   3.5000000000000004E-5    100000                   1.7282254239986853E-4
2.0E-5                   3.5000000000000004E-5    110000                   1.7292990852743606E-4
2.0E-5                   3.5000000000000004E-5    120000                   1.729722910456004E-4
2.0E-5                   3.5000000000000004E-5    130000                   1.72995276144486E-4
2.0E-5                   3.5000000000000004E-5    140000                   1.729949898173352E-4
2.0E-5                   3.5000000000000004E-5    150000                   1.729947618268641E-4
2.0E-5                   3.5000000000000004E-5    160000                   1.7299464882765178E-4
2.0E-5                   3.5000000000000004E-5    170000                   1.7299454450797155E-4
2.0E-5                   3.5000000000000004E-5    180000                   1.7299449463281926E-4
2.0E-5                   3.5000000000000004E-5    190000                   1.7299444886714855E-4
2.0E-5                   3.5000000000000004E-5    200000                   1.7299442726794473E-4
5.0E-5                   5.0E-6                   0                        0
5.0E-5                   5.0E-6                   0.1                      0
5.0E-5                   5.0E-6                   0.2                      0
5.0E-5                   5.0E-6                   0.30000000000000004      0
5.0E-5                   5.0E-6                   0.4                      0
5.0E-5                   5.0E-6                   0.5                      0
5.0E-5                   5.0E-6                   0.6000000000000001       0
5.0E-5                   5.0E-6                   0.7000000000000001       0
5.0E-5                   5.0E-6                   0.8                      0
5.0E-5                   5.0E-6                   0.9                      0
5.0E-5                   5.0E-6                   1                        9.211466641565911E-7
5.0E-5                   5.0E-6                   1.1                      1.7067503963899735E-6
5.0E-5                   5.0E-6                   1.2000000000000002       1.718223564059582E-6
5.0E-5                   5.0E-6                   1.3                      1.729651753194599E-6
5.0E-5                   5.0E-6                   1.4000000000000001       1.741043679640339E-6
5.0E-5                   5.0E-6                   1.5                      1.7523778808680213E-6
5.0E-5                   5.0E-6                   1.6                      1.7636783366003104E-6
5.0E-5                   5.0E-6                   1.7000000000000002       1.774948236813044E-6
5.0E-5                   5.0E-6                   1.8                      1.786171568861493E-6
5.0E-5                   5.0E-6                   1.9000000000000001       1.7973149863295029E-6
5.0E-5                   5.0E-6                   2                        1.8084311430276447E-6
5.0E-5                   5.0E-6                   5                        2.1256862603409536E-6
5.0E-5                   5.0E-6                   10                       2.5987305900895225E-6
5.0E-5                   5.0E-6                   100                      7.310878135665972E-6
5.0E-5                   5.0E-6                   100                      7.310878135665972E-6
5.0E-5                   5.0E-6                   200                      1.0353911543816256E-5
5.0E-5                   5.0E-6                   300                      1.2681959974579286E-5
5.0E-5                   5.0E-6                   400                      1.4653851586010952E-5
5.0E-5                   5.0E-6                   500                      1.6380662934433222E-5
5.0E-5                   5.0E-6                   600                      1.7939491565710593E-5
5.0E-5                   5.0E-6                   700                      1.9373069116892716E-5
5.0E-5                   5.0E-6                   800                      2.0710275051745753E-5
5.0E-5                   5.0E-6                   900                      2.1971609990899412E-5
5.0E-5                   5.0E-6                   1000                     2.3167050682252524E-5
5.0E-5                   5.0E-6                   2000                     3.287325494898384E-5
5.0E-5                   5.0E-6                   3000                     4.041386104548282E-5
5.0E-5                   5.0E-6                   4000                     4.684003374925963E-5
5.0E-5                   5.0E-6                   5000                     5.2554149076694706E-5
5.0E-5                   5.0E-6                   6000                     5.775639286069817E-5
5.0E-5                   5.0E-6                   7000                     6.257344572205814E-5
5.0E-5                   5.0E-6                   8000                     6.708434192373444E-5
5.0E-5                   5.0E-6                   9000                     7.134048181390222E-5
5.0E-5                   5.0E-6                   10000                    7.540570661157863E-5
5.0E-5                   5.0E-6                   20000                    1.0805560185980386E-4
5.0E-5                   5.0E-6                   30000                    1.3050174631625922E-4
5.0E-5                   5.0E-6                   40000                    1.4568410131269197E-4
5.0E-5                   5.0E-6                   50000                    1.5570580151115347E-4
5.0E-5                   5.0E-6                   60000                    1.6218112788465576E-4
5.0E-5                   5.0E-6                   70000                    1.66319123213919E-4
5.0E-5                   5.0E-6                   80000                    1.6894663551889362E-4
5.0E-5                   5.0E-6                   90000                    1.705739538539687E-4
5.0E-5                   5.0E-6                   100000                   1.7156450714980856E-4
5.0E-5                   5.0E-6                   110000                   1.7217308972476076E-4
5.0E-5                   5.0E-6                   120000                   1.7259652061557126E-4
5.0E-5                   5.0E-6                   130000                   1.7286808310904418E-4
5.0E-5                   5.0E-6                   140000                   1.7307815938727675E-4
5.0E-5                   5.0E-6                   150000                   1.7321103749957635E-4
5.0E-5                   5.0E-6                   160000                   1.7330576670265173E-4
5.0E-5                   5.0E-6                   170000                   1.733580437582408E-4
5.0E-5                   5.0E-6                   180000                   1.7339469398561832E-4
5.0E-5                   5.0E-6                   190000                   1.734085526439021E-4
5.0E-5                   5.0E-6                   200000                   1.7341886735693942E-4
5.0E-5                   1.25E-5                  0                        0
5.0E-5                   1.25E-5                  0.1                      0
5.0E-5                   1.25E-5                  0.2                      0
5.0E-5                   1.25E-5                  0.30000000000000004      0
5.0E-5                   1.25E-5                  0.4                      0
5.0E-5                   1.25E-5                  0.5                      0
5.0E-5                   1.25E-5                  0.6000000000000001       0
5.0E-5                   1.25E-5                  0.7000000000000001       0
5.0E-5                   1.25E-5                  0.8                      0
5.0E-5                   1.25E-5                  0.9                      0
5.0E-5                   1.25E-5                  1                        9.82290968670884E-7
5.0E-5                   1.25E-5                  1.1                      1.8204330225817201E-6
5.0E-5                   1.25E-5                  1.2000000000000002       1.8325881481021124E-6
5.0E-5                   1.25E-5                  1.3                      1.844698571701222E-6
5.0E-5                   1.25E-5                  1.4000000000000001       1.8567730579395344E-6
5.0E-5                   1.25E-5                  1.5                      1.8687901363965988E-6
5.0E-5                   1.25E-5                  1.6                      1.8807737474398911E-6
5.0E-5                   1.25E-5                  1.7000000000000002       1.8927267846976145E-6
5.0E-5                   1.25E-5                  1.8                      1.9046328671725631E-6
5.0E-5                   1.25E-5                  1.9000000000000001       1.9164610590720915E-6
5.0E-5                   1.25E-5                  2                        1.928261641118154E-6
5.0E-5                   1.25E-5                  5                        2.265881668679556E-6
5.0E-5                   1.25E-5                  10                       2.7716114343163702E-6
5.0E-5                   1.25E-5                  100                      7.822584278570894E-6
5.0E-5                   1.25E-5                  100                      7.822584278570894E-6
5.0E-5                   1.25E-5                  200                      1.1078621445411911E-5
5.0E-5                   1.25E-5                  300                      1.3562669601658985E-5
5.0E-5                   1.25E-5                  400                      1.564136454069791E-5
5.0E-5                   1.25E-5                  500                      1.746317856507646E-5
5.0E-5                   1.25E-5                  600                      1.9113586506179484E-5
5.0E-5                   1.25E-5                  700                      2.0630338600527578E-5
5.0E-5                   1.25E-5                  800                      2.2035191517774036E-5
5.0E-5                   1.25E-5                  900                      2.334990846847304E-5
5.0E-5                   1.25E-5                  1000                     2.4590419146338802E-5
5.0E-5                   1.25E-5                  2000                     3.4588888643876036E-5
5.0E-5                   1.25E-5                  3000                     4.227012414907954E-5
5.0E-5                   1.25E-5                  4000                     4.8774078918696486E-5
5.0E-5                   1.25E-5                  5000                     5.4522647648110553E-5
5.0E-5                   1.25E-5                  6000                     5.9747635863813645E-5
5.0E-5                   1.25E-5                  7000                     6.457667285803555E-5
5.0E-5                   1.25E-5                  8000                     6.908935355126953E-5
5.0E-5                   1.25E-5                  9000                     7.333956928349117E-5
5.0E-5                   1.25E-5                  10000                    7.736675148581005E-5
5.0E-5                   1.25E-5                  20000                    1.0946653917079224E-4
5.0E-5                   1.25E-5                  30000                    1.3094800860453967E-4
5.0E-5                   1.25E-5                  40000                    1.450088008410923E-4
5.0E-5                   1.25E-5                  50000                    1.5391579244875632E-4
5.0E-5                   1.25E-5                  60000                    1.5943474054513042E-4
5.0E-5                   1.25E-5                  70000                    1.627966154992743E-4
5.0E-5                   1.25E-5                  80000                    1.647993435937686E-4
5.0E-5                   1.25E-5                  90000                    1.6604161394119776E-4
5.0E-5                   1.25E-5                  100000                   1.6682609724849449E-4
5.0E-5                   1.25E-5                  110000                   1.673008094410895E-4
5.0E-5                   1.25E-5                  120000                   1.6762455595365107E-4
5.0E-5                   1.25E-5                  130000                   1.6784354371782213E-4
5.0E-5                   1.25E-5                  140000                   1.6799035743841992E-4
5.0E-5                   1.25E-5                  150000                   1.6809018263319074E-4
5.0E-5                   1.25E-5                  160000                   1.681483756663663E-4
5.0E-5                   1.25E-5                  170000                   1.6818548101748255E-4
5.0E-5                   1.25E-5                  180000                   1.6820154441666898E-4
5.0E-5                   1.25E-5                  190000                   1.682103238911159E-4
5.0E-5                   1.25E-5                  200000                   1.6821184330269545E-4
5.0E-5                   2.0E-5                   0                        0
5.0E-5                   2.0E-5                   0.1                      0
5.0E-5                   2.0E-5                   0.2                      0
5.0E-5                   2.0E-5                   0.30000000000000004      0
5.0E-5                   2.0E-5                   0.4                      0
5.0E-5                   2.0E-5                   0.5                      0
5.0E-5                   2.0E-5                   0.6000000000000001       0
5.0E-5                   2.0E-5                   0.7000000000000001       0
5.0E-5                   2.0E-5                   0.8                      0
5.0E-5                   2.0E-5                   0.9                      0
5.0E-5                   2.0E-5                   1                        1.0535351738568193E-6
5.0E-5                   2.0E-5                   1.1                      1.948814694090107E-6
5.0E-5                   2.0E-5                   1.2000000000000002       1.9616871464420084E-6
5.0E-5                   2.0E-5                   1.3                      1.9745136279066275E-6
5.0E-5                   2.0E-5                   1.4000000000000001       1.9872961936478176E-6
5.0E-5                   2.0E-5                   1.5                      2.0000337822148057E-6
5.0E-5                   2.0E-5                   1.6                      2.0127138700860915E-6
5.0E-5                   2.0E-5                   1.7000000000000002       2.0253621343282267E-6
5.0E-5                   2.0E-5                   1.8                      2.0379786401503753E-6
5.0E-5                   2.0E-5                   1.9000000000000001       2.050553615618404E-6
5.0E-5                   2.0E-5                   2                        2.0630248724583897E-6
5.0E-5                   2.0E-5                   5                        2.421505075160742E-6
5.0E-5                   2.0E-5                   10                       2.9577087767850947E-6
5.0E-5                   2.0E-5                   100                      8.33868209498493E-6
5.0E-5                   2.0E-5                   100                      8.33868209498493E-6
5.0E-5                   2.0E-5                   200                      1.181815429691252E-5
5.0E-5                   2.0E-5                   300                      1.4474194853587125E-5
5.0E-5                   2.0E-5                   400                      1.6701660815282985E-5
5.0E-5                   2.0E-5                   500                      1.865624340067309E-5
5.0E-5                   2.0E-5                   600                      2.0415367957342747E-5
5.0E-5                   2.0E-5                   700                      2.2028200181354897E-5
5.0E-5                   2.0E-5                   800                      2.352476250653404E-5
5.0E-5                   2.0E-5                   900                      2.492592901997686E-5
5.0E-5                   2.0E-5                   1000                     2.625679393689769E-5
5.0E-5                   2.0E-5                   2000                     3.68734401509865E-5
5.0E-5                   2.0E-5                   3000                     4.4929286488006423E-5
5.0E-5                   2.0E-5                   4000                     5.169911861151812E-5
5.0E-5                   2.0E-5                   5000                     5.764736162535221E-5
5.0E-5                   2.0E-5                   6000                     6.303063898066665E-5
5.0E-5                   2.0E-5                   7000                     6.798329530550236E-5
5.0E-5                   2.0E-5                   8000                     7.259265268576703E-5
5.0E-5                   2.0E-5                   9000                     7.691729267247012E-5
5.0E-5                   2.0E-5                   10000                    8.100217063460862E-5
5.0E-5                   2.0E-5                   20000                    1.1288327840115259E-4
5.0E-5                   2.0E-5                   30000                    1.3316409441171747E-4
5.0E-5                   2.0E-5                   40000                    1.456569237111053E-4
5.0E-5                   2.0E-5                   50000                    1.5303644434362142E-4
5.0E-5                   2.0E-5                   60000                    1.572793243454891E-4
5.0E-5                   2.0E-5                   70000                    1.597311219871128E-4
5.0E-5                   2.0E-5                   80000                    1.6123395496207637E-4
5.0E-5                   2.0E-5                   90000                    1.6220554030888429E-4
5.0E-5                   2.0E-5                   100000                   1.6279480019914223E-4
5.0E-5                   2.0E-5                   110000                   1.6297633326518122E-4
5.0E-5                   2.0E-5                   120000                   1.6285583072266101E-4
5.0E-5                   2.0E-5                   130000                   1.6271308861448097E-4
5.0E-5                   2.0E-5                   140000                   1.627768895763072E-4
5.0E-5                   2.0E-5                   150000                   1.6280309563550325E-4
5.0E-5                   2.0E-5                   160000                   1.6286178668645593E-4
5.0E-5                   2.0E-5                   170000                   1.6290022382789204E-4
5.0E-5                   2.0E-5                   180000                   1.6293193640734953E-4
5.0E-5                   2.0E-5                   190000                   1.6294938392591316E-4
5.0E-5                   2.0E-5                   200000                   1.6296429862125178E-4
5.0E-5                   2.75E-5                  0                        0
5.0E-5                   2.75E-5                  0.1                      0
5.0E-5                   2.75E-5                  0.2                      0
5.0E-5                   2.75E-5                  0.30000000000000004      0
5.0E-5                   2.75E-5                  0.4                      0
5.0E-5                   2.75E-5                  0.5                      0
5.0E-5                   2.75E-5                  0.6000000000000001       0
5.0E-5                   2.75E-5                  0.7000000000000001       0
5.0E-5                   2.75E-5                  0.8                      0
5.0E-5                   2.75E-5                  0.9                      0
5.0E-5                   2.75E-5                  1                        1.1149038610379556E-6
5.0E-5                   2.75E-5                  1.1                      2.0615171603002927E-6
5.0E-5                   2.75E-5                  1.2000000000000002       2.075164677221264E-6
5.0E-5                   2.75E-5                  1.3                      2.0887646777549722E-6
5.0E-5                   2.75E-5                  1.4000000000000001       2.102319701193477E-6
5.0E-5                   2.75E-5                  1.5                      2.1158272493943135E-6
5.0E-5                   2.75E-5                  1.6                      2.1292768711633344E-6
5.0E-5                   2.75E-5                  1.7000000000000002       2.142693423178353E-6
5.0E-5                   2.75E-5                  1.8                      2.156076971517989E-6
5.0E-5                   2.75E-5                  1.9000000000000001       2.1694128078136174E-6
5.0E-5                   2.75E-5                  2                        2.1826475756101745E-6
5.0E-5                   2.75E-5                  5                        2.5622714212047334E-6
5.0E-5                   2.75E-5                  10                       3.1314721371227868E-6
5.0E-5                   2.75E-5                  100                      8.860750545499277E-6
5.0E-5                   2.75E-5                  100                      8.860750545499277E-6
5.0E-5                   2.75E-5                  200                      1.2560632013910208E-5
5.0E-5                   2.75E-5                  300                      1.53895957358249E-5
5.0E-5                   2.75E-5                  400                      1.7763422015354702E-5
5.0E-5                   2.75E-5                  500                      1.9845582717574864E-5
5.0E-5                   2.75E-5                  600                      2.172101290896708E-5
5.0E-5                   2.75E-5                  700                      2.3446614428304644E-5
5.0E-5                   2.75E-5                  800                      2.5055641816386963E-5
5.0E-5                   2.75E-5                  900                      2.6563116391251024E-5
5.0E-5                   2.75E-5                  1000                     2.798163339606519E-5
5.0E-5                   2.75E-5                  2000                     3.929617599018867E-5
5.0E-5                   2.75E-5                  3000                     4.787303158379434E-5
5.0E-5                   2.75E-5                  4000                     5.503070096910716E-5
5.0E-5                   2.75E-5                  5000                     6.12987806763757E-5
5.0E-5                   2.75E-5                  6000                     6.692504625100063E-5
5.0E-5                   2.75E-5                  7000                     7.207545756296436E-5
5.0E-5                   2.75E-5                  8000                     7.684580870558095E-5
5.0E-5                   2.75E-5                  9000                     8.130100019349477E-5
5.0E-5                   2.75E-5                  10000                    8.548543199579464E-5
5.0E-5                   2.75E-5                  20000                    1.1696580774209247E-4
5.0E-5                   2.75E-5                  30000                    1.3556999430051642E-4
5.0E-5                   2.75E-5                  40000                    1.4627788543057133E-4
5.0E-5                   2.75E-5                  50000                    1.5207108431506701E-4
5.0E-5                   2.75E-5                  60000                    1.550352656042231E-4
5.0E-5                   2.75E-5                  70000                    1.5647668928577295E-4
5.0E-5                   2.75E-5                  80000                    1.571239052623137E-4
5.0E-5                   2.75E-5                  90000                    1.5740608655408976E-4
5.0E-5                   2.75E-5                  100000                   1.575019420838576E-4
5.0E-5                   2.75E-5                  110000                   1.5759510341893556E-4
5.0E-5                   2.75E-5                  120000                   1.5766988165016033E-4
5.0E-5                   2.75E-5                  130000                   1.577042207209343E-4
5.0E-5                   2.75E-5                  140000                   1.5773417617141603E-4
5.0E-5                   2.75E-5                  150000                   1.577488259853399E-4
5.0E-5                   2.75E-5                  160000                   1.5776161011930888E-4
5.0E-5                   2.75E-5                  170000                   1.577678745247447E-4
5.0E-5                   2.75E-5                  180000                   1.5777334175801736E-4
5.0E-5                   2.75E-5                  190000                   1.5777602219822873E-4
5.0E-5                   2.75E-5                  200000                   1.5777836170047387E-4
5.0E-5                   3.5000000000000004E-5    0                        0
5.0E-5                   3.5000000000000004E-5    0.1                      0
5.0E-5                   3.5000000000000004E-5    0.2                      0
5.0E-5                   3.5000000000000004E-5    0.30000000000000004      0
5.0E-5                   3.5000000000000004E-5    0.4                      0
5.0E-5                   3.5000000000000004E-5    0.5                      0
5.0E-5                   3.5000000000000004E-5    0.6000000000000001       0
5.0E-5                   3.5000000000000004E-5    0.7000000000000001       0
5.0E-5                   3.5000000000000004E-5    0.8                      0
5.0E-5                   3.5000000000000004E-5    0.9                      0
5.0E-5                   3.5000000000000004E-5    1                        1.1780547163184696E-6
5.0E-5                   3.5000000000000004E-5    1.1                      2.1726604165655613E-6
5.0E-5                   3.5000000000000004E-5    1.2000000000000002       2.187106158863157E-6
5.0E-5                   3.5000000000000004E-5    1.3                      2.2015033449951602E-6
5.0E-5                   3.5000000000000004E-5    1.4000000000000001       2.2158478239471103E-6
5.0E-5                   3.5000000000000004E-5    1.5                      2.2301552453615408E-6
5.0E-5                   3.5000000000000004E-5    1.6                      2.2443872894525625E-6
5.0E-5                   3.5000000000000004E-5    1.7000000000000002       2.2585815747350227E-6
5.0E-5                   3.5000000000000004E-5    1.8                      2.2727412076629824E-6
5.0E-5                   3.5000000000000004E-5    1.9000000000000001       2.286866259080526E-6
5.0E-5                   3.5000000000000004E-5    2                        2.300918127385008E-6
5.0E-5                   3.5000000000000004E-5    5                        2.703815376388228E-6
5.0E-5                   3.5000000000000004E-5    10                       3.307864509510277E-6
5.0E-5                   3.5000000000000004E-5    100                      9.376398697254373E-6
5.0E-5                   3.5000000000000004E-5    100                      9.376398697254373E-6
5.0E-5                   3.5000000000000004E-5    200                      1.3303014109789532E-5
5.0E-5                   3.5000000000000004E-5    300                      1.6315864745377547E-5
5.0E-5                   3.5000000000000004E-5    400                      1.8838370867691285E-5
5.0E-5                   3.5000000000000004E-5    500                      2.1048083810624008E-5
5.0E-5                   3.5000000000000004E-5    600                      2.3041250592022117E-5
5.0E-5                   3.5000000000000004E-5    700                      2.4876324756256945E-5
5.0E-5                   3.5000000000000004E-5    800                      2.6583010930940773E-5
5.0E-5                   3.5000000000000004E-5    900                      2.8182986565090946E-5
5.0E-5                   3.5000000000000004E-5    1000                     2.969324772862892E-5
5.0E-5                   3.5000000000000004E-5    2000                     4.178469390966282E-5
5.0E-5                   3.5000000000000004E-5    3000                     5.092717500236802E-5
5.0E-5                   3.5000000000000004E-5    4000                     5.852986848591166E-5
5.0E-5                   3.5000000000000004E-5    5000                     6.512390803635508E-5
5.0E-5                   3.5000000000000004E-5    6000                     7.100801079966267E-5
5.0E-5                   3.5000000000000004E-5    7000                     7.634839920288025E-5
5.0E-5                   3.5000000000000004E-5    8000                     8.124808255437906E-5
5.0E-5                   3.5000000000000004E-5    9000                     8.57760145151385E-5
5.0E-5                   3.5000000000000004E-5    10000                    8.998778167076196E-5
5.0E-5                   3.5000000000000004E-5    20000                    1.2036080112417686E-4
5.0E-5                   3.5000000000000004E-5    30000                    1.3685753946598487E-4
5.0E-5                   3.5000000000000004E-5    40000                    1.452308289796261E-4
5.0E-5                   3.5000000000000004E-5    50000                    1.4918028035593427E-4
5.0E-5                   3.5000000000000004E-5    60000                    1.5087337383494796E-4
5.0E-5                   3.5000000000000004E-5    70000                    1.5174219794894878E-4
5.0E-5                   3.5000000000000004E-5    80000                    1.5235083590830494E-4
5.0E-5                   3.5000000000000004E-5    90000                    1.5263378141161854E-4
5.0E-5                   3.5000000000000004E-5    100000                   1.5270067172914325E-4
5.0E-5                   3.5000000000000004E-5    110000                   1.5271830977254928E-4
5.0E-5                   3.5000000000000004E-5    120000                   1.526779680549484E-4
5.0E-5                   3.5000000000000004E-5    130000                   1.5263705537818357E-4
5.0E-5                   3.5000000000000004E-5    140000                   1.5261366093703442E-4
5.0E-5                   3.5000000000000004E-5    150000                   1.525977247485153E-4
5.0E-5                   3.5000000000000004E-5    160000                   1.5258859818455584E-4
5.0E-5                   3.5000000000000004E-5    170000                   1.5258237038277334E-4
5.0E-5                   3.5000000000000004E-5    180000                   1.5257879519836712E-4
5.0E-5                   3.5000000000000004E-5    190000                   1.5257634913677916E-4
5.0E-5                   3.5000000000000004E-5    200000                   1.5257494450668466E-4
8.0E-5                   5.0E-6                   0                        0
8.0E-5                   5.0E-6                   0.1                      0
8.0E-5                   5.0E-6                   0.2                      0
8.0E-5                   5.0E-6                   0.30000000000000004      0
8.0E-5                   5.0E-6                   0.4                      0
8.0E-5                   5.0E-6                   0.5                      0
8.0E-5                   5.0E-6                   0.6000000000000001       0
8.0E-5                   5.0E-6                   0.7000000000000001       0
8.0E-5                   5.0E-6                   0.8                      0
8.0E-5                   5.0E-6                   0.9                      0
8.0E-5                   5.0E-6                   1                        6.198731927882525E-7
8.0E-5                   5.0E-6                   1.1                      1.1493831518279698E-6
8.0E-5                   5.0E-6                   1.2000000000000002       1.1573520366069861E-6
8.0E-5                   5.0E-6                   1.3                      1.1652880997073716E-6
8.0E-5                   5.0E-6                   1.4000000000000001       1.1731904366396984E-6
8.0E-5                   5.0E-6                   1.5                      1.1810665267026004E-6
8.0E-5                   5.0E-6                   1.6                      1.1888923674799802E-6
8.0E-5                   5.0E-6                   1.7000000000000002       1.196695517147157E-6
8.0E-5                   5.0E-6                   1.8                      1.2044760396942302E-6
8.0E-5                   5.0E-6                   1.9000000000000001       1.2122339984703814E-6
8.0E-5                   5.0E-6                   2                        1.219929588583325E-6
8.0E-5                   5.0E-6                   5                        1.4391687554263248E-6
8.0E-5                   5.0E-6                   10                       1.762690308514058E-6
8.0E-5                   5.0E-6                   100                      4.907653490239541E-6
8.0E-5                   5.0E-6                   100                      4.907653490239541E-6
8.0E-5                   5.0E-6                   200                      6.919443325960677E-6
8.0E-5                   5.0E-6                   300                      8.46675956664239E-6
8.0E-5                   5.0E-6                   400                      9.764830849719025E-6
8.0E-5                   5.0E-6                   500                      1.0907126479150545E-5
8.0E-5                   5.0E-6                   600                      1.1943881357507408E-5
8.0E-5                   5.0E-6                   700                      1.29029972032727E-5
8.0E-5                   5.0E-6                   800                      1.3799315348465854E-5
8.0E-5                   5.0E-6                   900                      1.4643891243881024E-5
8.0E-5                   5.0E-6                   1000                     1.544498504920121E-5
8.0E-5                   5.0E-6                   2000                     2.203425945836133E-5
8.0E-5                   5.0E-6                   3000                     2.725161779980902E-5
8.0E-5                   5.0E-6                   4000                     3.174646641351701E-5
8.0E-5                   5.0E-6                   5000                     3.580216865495276E-5
8.0E-5                   5.0E-6                   6000                     3.95480983824058E-5
8.0E-5                   5.0E-6                   7000                     4.305436207352515E-5
8.0E-5                   5.0E-6                   8000                     4.6368224735327726E-5
8.0E-5                   5.0E-6                   9000                     4.95239737710378E-5
8.0E-5                   5.0E-6                   10000                    5.2547050360891317E-5
8.0E-5                   5.0E-6                   20000                    7.79515716252716E-5
8.0E-5                   5.0E-6                   30000                    9.724156673301852E-5
8.0E-5                   5.0E-6                   40000                    1.1223399910514841E-4
8.0E-5                   5.0E-6                   50000                    1.2400373434715288E-4
8.0E-5                   5.0E-6                   60000                    1.3332158640226796E-4
8.0E-5                   5.0E-6                   70000                    1.4074208346263425E-4
8.0E-5                   5.0E-6                   80000                    1.4666844171748236E-4
8.0E-5                   5.0E-6                   90000                    1.5137620808408712E-4
8.0E-5                   5.0E-6                   100000                   1.550879428411221E-4
8.0E-5                   5.0E-6                   110000                   1.5799727454358028E-4
8.0E-5                   5.0E-6                   120000                   1.602634720275365E-4
8.0E-5                   5.0E-6                   130000                   1.6202131660746967E-4
8.0E-5                   5.0E-6                   140000                   1.6338662363372383E-4
8.0E-5                   5.0E-6                   150000                   1.6445258496303856E-4
8.0E-5                   5.0E-6                   160000                   1.6529612050724266E-4
8.0E-5                   5.0E-6                   170000                   1.6596110522487157E-4
8.0E-5                   5.0E-6                   180000                   1.664966064849814E-4
8.0E-5                   5.0E-6                   190000                   1.6691241614536946E-4
8.0E-5                   5.0E-6                   200000                   1.6723886744734066E-4
8.0E-5                   1.25E-5                  0                        0
8.0E-5                   1.25E-5                  0.1                      0
8.0E-5                   1.25E-5                  0.2                      0
8.0E-5                   1.25E-5                  0.30000000000000004      0
8.0E-5                   1.25E-5                  0.4                      0
8.0E-5                   1.25E-5                  0.5                      0
8.0E-5                   1.25E-5                  0.6000000000000001       0
8.0E-5                   1.25E-5                  0.7000000000000001       0
8.0E-5                   1.25E-5                  0.8                      0
8.0E-5                   1.25E-5                  0.9                      0
8.0E-5                   1.25E-5                  1                        7.343084539906911E-7
8.0E-5                   1.25E-5                  1.1                      1.359326469322337E-6
8.0E-5                   1.25E-5                  1.2000000000000002       1.3682049763446134E-6
8.0E-5                   1.25E-5                  1.3                      1.3770514589688293E-6
8.0E-5                   1.25E-5                  1.4000000000000001       1.3858693225185689E-6
8.0E-5                   1.25E-5                  1.5                      1.3946519953277204E-6
8.0E-5                   1.25E-5                  1.6                      1.4034009355884184E-6
8.0E-5                   1.25E-5                  1.7000000000000002       1.4121277026973174E-6
8.0E-5                   1.25E-5                  1.8                      1.4208323429574274E-6
8.0E-5                   1.25E-5                  1.9000000000000001       1.4294893469945595E-6
8.0E-5                   1.25E-5                  2                        1.4380981371378577E-6
8.0E-5                   1.25E-5                  5                        1.6847603952443647E-6
8.0E-5                   1.25E-5                  10                       2.053825818206746E-6
8.0E-5                   1.25E-5                  100                      5.7296390205149256E-6
8.0E-5                   1.25E-5                  100                      5.7296390205149256E-6
8.0E-5                   1.25E-5                  200                      8.085371578256355E-6
8.0E-5                   1.25E-5                  300                      9.867590522235693E-6
8.0E-5                   1.25E-5                  400                      1.1353213045146367E-5
8.0E-5                   1.25E-5                  500                      1.265614249393062E-5
8.0E-5                   1.25E-5                  600                      1.3826943466276329E-5
8.0E-5                   1.25E-5                  700                      1.4897439051681787E-5
8.0E-5                   1.25E-5                  800                      1.5889519696251324E-5
8.0E-5                   1.25E-5                  900                      1.6819660812696788E-5
8.0E-5                   1.25E-5                  1000                     1.7695458172129E-5
8.0E-5                   1.25E-5                  2000                     2.4769547352960045E-5
8.0E-5                   1.25E-5                  3000                     3.018705712375071E-5
8.0E-5                   1.25E-5                  4000                     3.481438664605335E-5
8.0E-5                   1.25E-5                  5000                     3.893605821154379E-5
8.0E-5                   1.25E-5                  6000                     4.270011863779468E-5
8.0E-5                   1.25E-5                  7000                     4.620201910261484E-5
8.0E-5                   1.25E-5                  8000                     4.949943707839023E-5
8.0E-5                   1.25E-5                  9000                     5.262942648081075E-5
8.0E-5                   1.25E-5                  10000                    5.5614403341220584E-5
8.0E-5                   1.25E-5                  20000                    8.013849478939585E-5
8.0E-5                   1.25E-5                  30000                    9.79662002442198E-5
8.0E-5                   1.25E-5                  40000                    1.1126954481020668E-4
8.0E-5                   1.25E-5                  50000                    1.2131289875100146E-4
8.0E-5                   1.25E-5                  60000                    1.2901478135533552E-4
8.0E-5                   1.25E-5                  70000                    1.3499115605025824E-4
8.0E-5                   1.25E-5                  80000                    1.3960299153630704E-4
8.0E-5                   1.25E-5                  90000                    1.4315617708881014E-4
8.0E-5                   1.25E-5                  100000                   1.4590418140034912E-4
8.0E-5                   1.25E-5                  110000                   1.479996435015965E-4
8.0E-5                   1.25E-5                  120000                   1.4959580172395503E-4
8.0E-5                   1.25E-5                  130000                   1.508022224176542E-4
8.0E-5                   1.25E-5                  140000                   1.5172984748232666E-4
8.0E-5                   1.25E-5                  150000                   1.5244957772644183E-4
8.0E-5                   1.25E-5                  160000                   1.5298164278327241E-4
8.0E-5                   1.25E-5                  170000                   1.534042690525118E-4
8.0E-5                   1.25E-5                  180000                   1.5373765516640982E-4
8.0E-5                   1.25E-5                  190000                   1.5398855487656657E-4
8.0E-5                   1.25E-5                  200000                   1.5417578060703078E-4
8.0E-5                   2.0E-5                   0                        0
8.0E-5                   2.0E-5                   0.1                      0
8.0E-5                   2.0E-5                   0.2                      0
8.0E-5                   2.0E-5                   0.30000000000000004      0
8.0E-5                   2.0E-5                   0.4                      0
8.0E-5                   2.0E-5                   0.5                      0
8.0E-5                   2.0E-5                   0.6000000000000001       0
8.0E-5                   2.0E-5                   0.7000000000000001       0
8.0E-5                   2.0E-5                   0.8                      0
8.0E-5                   2.0E-5                   0.9                      0
8.0E-5                   2.0E-5                   1                        8.456162834483755E-7
8.0E-5                   2.0E-5                   1.1                      1.5661986113309591E-6
8.0E-5                   2.0E-5                   1.2000000000000002       1.5761155625142379E-6
8.0E-5                   2.0E-5                   1.3                      1.5859978665710353E-6
8.0E-5                   2.0E-5                   1.4000000000000001       1.5958522164004055E-6
8.0E-5                   2.0E-5                   1.5                      1.6056622381566805E-6
8.0E-5                   2.0E-5                   1.6                      1.6154461625747387E-6
8.0E-5                   2.0E-5                   1.7000000000000002       1.6252062797071316E-6
8.0E-5                   2.0E-5                   1.8                      1.6349302750062956E-6
8.0E-5                   2.0E-5                   1.9000000000000001       1.6445939986622224E-6
8.0E-5                   2.0E-5                   2                        1.6542361882248224E-6
8.0E-5                   2.0E-5                   5                        1.9307713617149204E-6
8.0E-5                   2.0E-5                   10                       2.3471922872169453E-6
8.0E-5                   2.0E-5                   100                      6.5520833847255195E-6
8.0E-5                   2.0E-5                   100                      6.5520833847255195E-6
8.0E-5                   2.0E-5                   200                      9.253125194235756E-6
8.0E-5                   2.0E-5                   300                      1.1307779378443419E-5
8.0E-5                   2.0E-5                   400                      1.3022078041769287E-5
8.0E-5                   2.0E-5                   500                      1.4520511217813864E-5
8.0E-5                   2.0E-5                   600                      1.5871416970646526E-5
8.0E-5                   2.0E-5                   700                      1.7111352986850184E-5
8.0E-5                   2.0E-5                   800                      1.8256143339954797E-5
8.0E-5                   2.0E-5                   900                      1.932377099972157E-5
8.0E-5                   2.0E-5                   1000                     2.0326792096562947E-5
8.0E-5                   2.0E-5                   2000                     2.8290272410242697E-5
8.0E-5                   2.0E-5                   3000                     3.428441038444032E-5
8.0E-5                   2.0E-5                   4000                     3.929258148897366E-5
8.0E-5                   2.0E-5                   5000                     4.368671854964883E-5
8.0E-5                   2.0E-5                   6000                     4.765195301424304E-5
8.0E-5                   2.0E-5                   7000                     5.130803335844527E-5
8.0E-5                   2.0E-5                   8000                     5.471937434873125E-5
8.0E-5                   2.0E-5                   9000                     5.7928699290214376E-5
8.0E-5                   2.0E-5                   10000                    6.0965241012279046E-5
8.0E-5                   2.0E-5                   20000                    8.481196662301882E-5
8.0E-5                   2.0E-5                   30000                    1.0071769549990592E-4
8.0E-5                   2.0E-5                   40000                    1.1161924338298743E-4
8.0E-5                   2.0E-5                   50000                    1.1939439575526267E-4
8.0E-5                   2.0E-5                   60000                    1.2510698827170307E-4
8.0E-5                   2.0E-5                   70000                    1.29365387764694E-4
8.0E-5                   2.0E-5                   80000                    1.3254675838740454E-4
8.0E-5                   2.0E-5                   90000                    1.3491669957947338E-4
8.0E-5                   2.0E-5                   100000                   1.3667148818207446E-4
8.0E-5                   2.0E-5                   110000                   1.3795600318053543E-4
8.0E-5                   2.0E-5                   120000                   1.3888069242847022E-4
8.0E-5                   2.0E-5                   130000                   1.3954512228617409E-4
8.0E-5                   2.0E-5                   140000                   1.4003093939045724E-4
8.0E-5                   2.0E-5                   150000                   1.403699333751945E-4
8.0E-5                   2.0E-5                   160000                   1.4061974630829455E-4
8.0E-5                   2.0E-5                   170000                   1.4079719535349625E-4
8.0E-5                   2.0E-5                   180000                   1.409425458600058E-4
8.0E-5                   2.0E-5                   190000                   1.410475277667858E-4
8.0E-5                   2.0E-5                   200000                   1.4113497121575683E-4
8.0E-5                   2.75E-5                  0                        0
8.0E-5                   2.75E-5                  0.1                      0
8.0E-5                   2.75E-5                  0.2                      0
8.0E-5                   2.75E-5                  0.30000000000000004      0
8.0E-5                   2.75E-5                  0.4                      0
8.0E-5                   2.75E-5                  0.5                      0
8.0E-5                   2.75E-5                  0.6000000000000001       0
8.0E-5                   2.75E-5                  0.7000000000000001       0
8.0E-5                   2.75E-5                  0.8                      0
8.0E-5                   2.75E-5                  0.9                      0
8.0E-5                   2.75E-5                  1                        9.615343412778209E-7
8.0E-5                   2.75E-5                  1.1                      1.7773657953187394E-6
8.0E-5                   2.75E-5                  1.2000000000000002       1.7885052073760899E-6
8.0E-5                   2.75E-5                  1.3                      1.799605911016134E-6
8.0E-5                   2.75E-5                  1.4000000000000001       1.8106710840425014E-6
8.0E-5                   2.75E-5                  1.5                      1.8216952625313008E-6
8.0E-5                   2.75E-5                  1.6                      1.8326760334245876E-6
8.0E-5                   2.75E-5                  1.7000000000000002       1.8436299893766091E-6
8.0E-5                   2.75E-5                  1.8                      1.85455718202453E-6
8.0E-5                   2.75E-5                  1.9000000000000001       1.8654335166235081E-6
8.0E-5                   2.75E-5                  2                        1.8762428717056457E-6
8.0E-5                   2.75E-5                  5                        2.186466263626804E-6
8.0E-5                   2.75E-5                  10                       2.652356390414228E-6
8.0E-5                   2.75E-5                  100                      7.3771156861020255E-6
8.0E-5                   2.75E-5                  100                      7.3771156861020255E-6
8.0E-5                   2.75E-5                  200                      1.0428176208392083E-5
8.0E-5                   2.75E-5                  300                      1.2754529739846566E-5
8.0E-5                   2.75E-5                  400                      1.4700867851677391E-5
8.0E-5                   2.75E-5                  500                      1.640396762131146E-5
8.0E-5                   2.75E-5                  600                      1.7933732201699326E-5
8.0E-5                   2.75E-5                  700                      1.9339410863073685E-5
8.0E-5                   2.75E-5                  800                      2.0646484334974533E-5
8.0E-5                   2.75E-5                  900                      2.1867964869971683E-5
8.0E-5                   2.75E-5                  1000                     2.3015507991411935E-5
8.0E-5                   2.75E-5                  2000                     3.208377723474504E-5
8.0E-5                   2.75E-5                  3000                     3.885362585574355E-5
8.0E-5                   2.75E-5                  4000                     4.4425888638095565E-5
8.0E-5                   2.75E-5                  5000                     4.925152388311808E-5
8.0E-5                   2.75E-5                  6000                     5.3571271896960675E-5
8.0E-5                   2.75E-5                  7000                     5.747497149096303E-5
8.0E-5                   2.75E-5                  8000                     6.105071600370697E-5
8.0E-5                   2.75E-5                  9000                     6.435759462076894E-5
8.0E-5                   2.75E-5                  10000                    6.743480754121129E-5
8.0E-5                   2.75E-5                  20000                    8.98742756387751E-5
8.0E-5                   2.75E-5                  30000                    1.0281349167560071E-4
8.0E-5                   2.75E-5                  40000                    1.1075367992738486E-4
8.0E-5                   2.75E-5                  50000                    1.1596263448525652E-4
8.0E-5                   2.75E-5                  60000                    1.1955573309885909E-4
8.0E-5                   2.75E-5                  70000                    1.220988611276894E-4
8.0E-5                   2.75E-5                  80000                    1.2389720810040698E-4
8.0E-5                   2.75E-5                  90000                    1.251474424599605E-4
8.0E-5                   2.75E-5                  100000                   1.26013371006615E-4
8.0E-5                   2.75E-5                  110000                   1.2661910708672899E-4
8.0E-5                   2.75E-5                  120000                   1.2703957530632928E-4
8.0E-5                   2.75E-5                  130000                   1.2731591153196628E-4
8.0E-5                   2.75E-5                  140000                   1.2750736729653995E-4
8.0E-5                   2.75E-5                  150000                   1.2763657139233138E-4
8.0E-5                   2.75E-5                  160000                   1.2774442859173334E-4
8.0E-5                   2.75E-5                  170000                   1.2781855643393365E-4
8.0E-5                   2.75E-5                  180000                   1.278848326864021E-4
8.0E-5                   2.75E-5                  190000                   1.279255954210697E-4
8.0E-5                   2.75E-5                  200000                   1.2794868516746667E-4
8.0E-5                   3.5000000000000004E-5    0                        0
8.0E-5                   3.5000000000000004E-5    0.1                      0
8.0E-5                   3.5000000000000004E-5    0.2                      0
8.0E-5                   3.5000000000000004E-5    0.30000000000000004      0
8.0E-5                   3.5000000000000004E-5    0.4                      0
8.0E-5                   3.5000000000000004E-5    0.5                      0
8.0E-5                   3.5000000000000004E-5    0.6000000000000001       0
8.0E-5                   3.5000000000000004E-5    0.7000000000000001       0
8.0E-5                   3.5000000000000004E-5    0.8                      0
8.0E-5                   3.5000000000000004E-5    0.9                      0
8.0E-5                   3.5000000000000004E-5    1                        1.0489241795171752E-6
8.0E-5                   3.5000000000000004E-5    1.1                      1.932635026318249E-6
8.0E-5                   3.5000000000000004E-5    1.2000000000000002       1.9451536323134576E-6
8.0E-5                   3.5000000000000004E-5    1.3                      1.957631068389469E-6
8.0E-5                   3.5000000000000004E-5    1.4000000000000001       1.9700620449176293E-6
8.0E-5                   3.5000000000000004E-5    1.5                      1.982461350711924E-6
8.0E-5                   3.5000000000000004E-5    1.6                      1.9947985537144842E-6
8.0E-5                   3.5000000000000004E-5    1.7000000000000002       2.007101484012031E-6
8.0E-5                   3.5000000000000004E-5    1.8                      2.019374729922495E-6
8.0E-5                   3.5000000000000004E-5    1.9000000000000001       2.0316183497271775E-6
8.0E-5                   3.5000000000000004E-5    2                        2.043798766434828E-6
8.0E-5                   3.5000000000000004E-5    5                        2.393249448888319E-6
8.0E-5                   3.5000000000000004E-5    10                       2.917644298397905E-6
8.0E-5                   3.5000000000000004E-5    100                      8.18483908386703E-6
8.0E-5                   3.5000000000000004E-5    100                      8.18483908386703E-6
8.0E-5                   3.5000000000000004E-5    200                      1.1589493967028651E-5
8.0E-5                   3.5000000000000004E-5    300                      1.4195020009159135E-5
8.0E-5                   3.5000000000000004E-5    400                      1.637157204210177E-5
8.0E-5                   3.5000000000000004E-5    500                      1.8273365093765064E-5
8.0E-5                   3.5000000000000004E-5    600                      1.998730319801726E-5
8.0E-5                   3.5000000000000004E-5    700                      2.1560182583627376E-5
8.0E-5                   3.5000000000000004E-5    800                      2.301980330873827E-5
8.0E-5                   3.5000000000000004E-5    900                      2.4385840763126994E-5
8.0E-5                   3.5000000000000004E-5    1000                     2.5672440350360045E-5
8.0E-5                   3.5000000000000004E-5    2000                     3.5910703203032296E-5
8.0E-5                   3.5000000000000004E-5    3000                     4.352287331099247E-5
8.0E-5                   3.5000000000000004E-5    4000                     4.9699382358717726E-5
8.0E-5                   3.5000000000000004E-5    5000                     5.4959523847269755E-5
8.0E-5                   3.5000000000000004E-5    6000                     5.953994120075849E-5
8.0E-5                   3.5000000000000004E-5    7000                     6.359135728741799E-5
8.0E-5                   3.5000000000000004E-5    8000                     6.721614567696556E-5
8.0E-5                   3.5000000000000004E-5    9000                     7.049382231753742E-5
8.0E-5                   3.5000000000000004E-5    10000                    7.347176207882688E-5
8.0E-5                   3.5000000000000004E-5    20000                    9.269205660336345E-5
8.0E-5                   3.5000000000000004E-5    30000                    1.0174523172782972E-4
8.0E-5                   3.5000000000000004E-5    40000                    1.065382979171356E-4
8.0E-5                   3.5000000000000004E-5    50000                    1.0938703340398626E-4
8.0E-5                   3.5000000000000004E-5    60000                    1.1123267942357206E-4
8.0E-5                   3.5000000000000004E-5    70000                    1.124011945655626E-4
8.0E-5                   3.5000000000000004E-5    80000                    1.1316259320046624E-4
8.0E-5                   3.5000000000000004E-5    90000                    1.1363940337796199E-4
8.0E-5                   3.5000000000000004E-5    100000                   1.1398890972944044E-4
8.0E-5                   3.5000000000000004E-5    110000                   1.1424795605542739E-4
8.0E-5                   3.5000000000000004E-5    120000                   1.1442105678373911E-4
8.0E-5                   3.5000000000000004E-5    130000                   1.1452316647691717E-4
8.0E-5                   3.5000000000000004E-5    140000                   1.1458526550045711E-4
8.0E-5                   3.5000000000000004E-5    150000                   1.1461589723806046E-4
8.0E-5                   3.5000000000000004E-5    160000                   1.1463482212546916E-4
8.0E-5                   3.5000000000000004E-5    170000                   1.1464083737201533E-4
8.0E-5                   3.5000000000000004E-5    180000                   1.1464183223888665E-4
8.0E-5                   3.5000000000000004E-5    190000                   1.1464295200838715E-4
8.0E-5                   3.5000000000000004E-5    200000                   1.1464364918591627E-4
